0.000000000000000000e+00
0.000000000000000000e+00
1.719525060640587910e-02
1.471912692358814424e-02
2.451110819866175183e-01
2.328638322195538679e-01
1.018136400022559673e+00
7.513585261356969802e-01
1.657019985459978084e+00
1.420137253211041006e+00
8.936361744130835172e-01
1.253526368522489776e+00
1.689288940885696366e+00
2.363105228614335918e+00
2.657962849665897132e+00
2.347343506628913890e+00
3.186249102567192182e+00
4.745326196099610705e+00
4.265441454468963833e+00
4.599138159325253383e+00
4.531707607293541606e+00
3.716956874387690402e+00
5.283840620629195683e+00
4.945559823873563410e+00
7.297406092433492475e+00
3.297796165642314481e+00
6.510781274821578535e+00
4.578557436568221561e+00
7.866418546194942074e+00
4.531242859118208344e+00
6.344517479939143279e+00
7.654967505584409082e+00
7.019151630148448895e+00
8.108805868520391869e+00
6.083282217307325546e+00
6.952345728894136379e+00
7.725626117384325475e+00
9.198645376266496143e+00
7.259110364668817539e+00
5.850559299154245885e+00
8.609549460510365293e+00
6.891974755713552447e+00
6.120043249885590342e+00
6.075518495721773604e+00
8.374206711424418970e+00
8.951297489181087030e+00
7.779581448626069928e+00
9.010237665790821637e+00
8.817779437337453174e+00
0.000000000000000000e+00
-2.396821874540730132e-03
3.282598734287579118e-02
-6.850937915839308556e-02
1.053674996359830751e-01
5.228993316087106324e-02
9.009901831069928868e-02
1.111824218223804950e+00
7.257211462568966542e-01
1.278955456278463299e+00
1.490600999873899601e+00
5.692409624592726924e-01
1.532788825631143270e+00
1.246852325251743387e+00
1.452428191828026849e+00
1.881849699298785206e+00
1.690778838449549015e+00
1.483882104614121289e+00
2.189008319739741193e+00
2.787207658170264057e+00
2.693480610389273444e+00
2.345639978070351628e+00
2.383737825211034611e+00
1.527796489895186793e+00
1.634736444765412466e+00
2.288574673312420149e+00
3.866065876889680286e+00
3.997951933008009107e+00
3.446268894684197281e+00
3.888287439982641924e+00
1.891355701756736840e+00
3.585009367202689035e+00
4.179219788065490881e+00
5.231068054425545455e+00
4.616159064803587064e+00
4.310981240125347114e+00
5.216496822457919791e+00
4.442862260723104306e+00
5.287490211631311610e+00
3.506927630115296513e+00
6.655420837828947001e+00
5.527503164289750970e+00
6.523829593356716749e+00
6.029453713453233554e+00
6.920843766644459549e+00
6.710741281004424685e+00
6.714879871065258854e+00
5.599152617309514746e+00
4.486147316086324111e+00
0.000000000000000000e+00
0.000000000000000000e+00
0.000000000000000000e+00
0.000000000000000000e+00
-9.048864527577896166e-02
2.266126968524843910e-01
2.164706863966753492e+00
1.454030232206153350e+00
1.275814500268801055e+00
9.594161401559136992e-01
2.150049269715392786e+00
2.803436127726101290e+00
8.407381603138865955e-01
3.469976259705512156e+00
1.968320434628860083e+00
3.807018523960165601e-01
5.423756557559161529e+00
1.741206657101106448e+00
2.241974223574389580e+00
3.602777813235202853e+00
4.439417171915539306e+00
4.675185082847385765e+00
5.457769803252489282e+00
7.706870890187990319e+00
7.631012886094790559e+00
5.641239604354124637e+00
4.958637259897149541e+00
5.771023702890467177e+00
5.414763635884079385e+00
9.689431761480991057e+00
9.002254976948671938e+00
8.247327504265237863e+00
8.562929497382700816e+00
8.527284333135263239e+00
7.542030406821313981e+00
5.402256397338234706e+00
9.994743193265234638e+00
1.075072433878046141e+01
1.035779229174055160e+01
1.090546917981726871e+01
8.774283060265444689e+00
1.065589465974426098e+01
1.411478272466322537e+01
1.120954497442779818e+01
1.315361644964041865e+01
1.073843592167045635e+01
1.446210358531304863e+01
1.304310141902386988e+01
8.156315505063494342e+00
0.000000000000000000e+00
0.000000000000000000e+00
0.000000000000000000e+00
2.910676503984066868e-02
-3.737092487776396982e-03
-5.699721891340091967e-02
2.450972447098538967e-02
2.466083677713861722e-01
1.792814369480191239e-01
4.649417685506939679e-01
2.060289872794733856e-01
3.743596426948255229e-01
9.633343341724057152e-02
-1.167263775786477747e-01
5.421994674370844702e-01
1.130132792637019490e+00
2.387018531855286341e+00
8.200017573997395726e-01
1.958215892431724559e+00
2.510388412881191300e+00
2.040111798421832656e+00
2.512477746831749403e+00
1.868300828254549906e+00
4.079687688378402122e+00
1.570526302836302124e+00
1.550578577203678865e+00
3.253357137413721123e+00
3.940263295538019239e+00
3.839394694712817913e+00
4.241480364009979631e+00
5.398350555196801182e+00
4.323198224318037575e+00
5.361603904931668829e+00
5.786629133578657935e+00
5.803266899101569898e+00
7.039344882532831527e+00
6.602839770729524105e+00
3.755359360053887929e+00
4.142220978656768970e+00
4.494273275985692706e+00
7.565798866492542629e+00
6.293730467864031120e+00
8.950202168628010213e+00
7.844896656802431423e+00
7.386362871031623811e+00
8.090254583986757453e+00
1.079871631558983047e+01
8.904303460226142164e+00
1.060705060072665873e+01
0.000000000000000000e+00
0.000000000000000000e+00
0.000000000000000000e+00
0.000000000000000000e+00
0.000000000000000000e+00
1.051906755772633907e-02
2.200939291647708851e-01
1.923590313917973235e-02
8.737556309544113053e-02
9.622726554682008437e-01
1.002841060814066432e-01
9.432026943732659818e-01
2.027414204872139691e-01
1.064094397319003349e+00
1.461300330800061609e+00
2.157925555738553935e+00
2.179421739926284740e+00
1.476989512630128010e+00
2.314029528927293633e+00
2.357839970111153871e+00
3.047689584233776117e+00
3.225427803214987232e+00
3.416591978873626090e+00
3.108275679088850385e+00
4.379375212255368410e+00
3.108181867597673786e+00
4.045515111511006623e+00
3.513545671856595387e+00
3.617949350784436469e+00
4.699986365017886136e+00
4.357495906936930119e+00
3.080458012028025827e+00
4.266998112409145172e+00
3.207367503718273394e+00
4.125125061725166020e+00
4.080771062495797352e+00
3.666910234469252572e+00
4.460275794634280366e+00
5.422673274324839809e+00
4.701946612142929638e+00
5.364082946665831741e+00
4.539588694947737757e+00
3.705740276062272187e+00
5.008792678627449035e+00
6.067508481241567608e+00
5.088047826338654822e+00
5.836222476111151636e+00
4.622989466153349269e+00
5.396051000211123494e+00
0.000000000000000000e+00
0.000000000000000000e+00
1.014884736721190965e-03
3.989869739380800563e-03
8.687018320737141183e-03
1.073333538799024593e-02
2.019339826149238112e-02
-2.188684416552377082e-02
5.148261356701554492e-01
4.669750468606477800e-01
4.439902569980077041e-01
6.571441232430532686e-01
4.304336590087727288e-01
6.006384108970295177e-01
1.165583613226305992e+00
6.797373200087032385e-01
1.635893560555707227e+00
1.047064005301868050e+00
1.488275939069076514e+00
1.277919023360082118e+00
1.447199539611048191e+00
1.715930980038498532e+00
2.591412504351659152e+00
3.089370681930248885e+00
2.643040970427881220e+00
3.239878792682586273e+00
2.528007554162256643e+00
2.716946228542628905e+00
2.421848230667531521e+00
3.090311388337192877e+00
2.845424336890253425e+00
2.715812202557784438e+00
3.395166185003921200e+00
2.636713981925213446e+00
4.202063275844523105e+00
1.985035174145919568e+00
3.906119257513238185e+00
3.600300961364950147e+00
4.011728976997451568e+00
4.423749404455710632e+00
3.404127017696340296e+00
4.788592145502104991e+00
4.781456894546701974e+00
4.437785228789790537e+00
4.706529745929853625e+00
4.637662925437802564e+00
5.104675323103462503e+00
5.303005507950367736e+00
4.315882225771084713e+00
