1.596386790919393853e-02
5.274740002435580888e-02
1.513027442473595663e-01
1.781592919002834285e-01
1.460566946740374517e-01
9.909620224834007896e-02
1.769366361009235278e-01
2.124730605023330832e-01
2.437023390916732424e-01
4.250936325550420114e-01
1.570165639548045111e-01
2.734945670374800963e-01
2.435300536279430550e-01
1.353589468857391565e-01
2.186184893706030197e-01
4.920922888286487495e-01
7.430951433414934026e-01
6.172658981338010609e-01
3.728677700082079771e-01
3.369347225281524305e-01
3.860861735291091223e-01
4.860228231607659488e-01
4.627987814037806125e-01
4.356437193944322495e-01
4.253307116993226278e-01
4.812272301400287722e-01
4.882749855816598816e-01
5.316001569865579368e-01
5.424864675232290434e-01
5.105778380550326512e-01
4.560206321413725061e-01
5.316336879164287321e-01
6.043401616331314230e-01
6.129393173548264295e-01
5.888525008177675213e-01
5.630547219885232435e-01
6.239332866113933562e-01
6.061406154663778745e-01
6.179276792772941951e-01
6.555965713179986443e-01
5.142673369356759450e-01
5.192771212224494004e-01
5.624513405862793247e-01
5.691482046145484031e-01
5.699562645803853966e-01
5.760195255778783885e-01
5.830319842677422759e-01
4.926621496863386462e-01
5.876023640846018692e-01
