0.000000000000000000e+00
4.522046791748757753e-03
2.448774845515819532e-01
6.487056741040859720e-01
3.053667213122647772e-01
1.835046366354077529e-01
1.929518139755883599e-01
2.324568917905664722e-01
2.397613106609181033e-01
4.918421753883222558e-01
4.608140984292954379e-01
4.772739178511594127e-01
6.580920870403264011e-01
4.358428705769312739e-01
2.007304604100942080e-01
1.527626301548798693e-01
2.636785322289840749e-01
4.098235251170286308e-01
3.032882369896996444e-01
3.116669225831528167e-01
3.202620689075421634e-01
3.291173981758474532e-01
5.996200766909411950e-01
8.023226837665129452e-01
8.565668440768672287e-01
7.547435468166499017e-01
8.728666902828511320e-01
8.048433436239368355e-01
7.281218486834021286e-01
6.435852549061684691e-01
5.114897092790413602e-01
5.785579014580617407e-01
6.926511050721069207e-01
8.032366024458257314e-01
8.233872105698561983e-01
7.223091932367073920e-01
7.486316216864782325e-01
7.805743509531433144e-01
8.132409636057315039e-01
8.677255501897737089e-01
8.777634268331977463e-01
9.070142163856548256e-01
9.924734838369623224e-01
9.735680630541723168e-01
9.845435529812074371e-01
9.932278209255034351e-01
9.726526264224779617e-01
9.823057342939397474e-01
9.575596134781738655e-01
