0.000000000000000000e+00
0.000000000000000000e+00
-5.740221262165806637e-02
-1.985568071051208028e-01
-2.928551578244630860e-01
-3.933511965254096743e-01
1.001665429570836485e+00
1.188308482926557774e+00
6.121247083350658258e-01
1.734451859241512128e+00
1.689973131868759415e+00
2.292296991250291072e+00
2.643426876792381641e+00
2.158557054998770042e+00
1.342431396509598862e+00
4.405240797705292977e+00
4.362725083222580125e+00
3.189727027572985207e+00
4.166573988375504634e+00
2.795899724502779904e+00
4.398350364537028767e+00
5.536272628036178034e+00
6.166086569584212640e+00
5.020817061095168121e+00
6.851022569702454490e+00
4.707029408230686052e+00
4.040057291332140643e+00
5.621321856636884107e+00
5.476373285087309029e+00
5.733172965738797977e+00
6.289527017437633205e+00
3.573943394906955451e+00
6.536046471617003029e+00
6.417315782666816126e+00
4.984175224805807325e+00
6.828956473063538368e+00
7.519319286738812558e+00
4.959726283291226778e+00
7.624946126040446970e+00
8.420931333732490032e+00
5.574224372460761856e+00
5.774697692976693553e+00
9.782091617885447121e+00
7.458957258414184999e+00
9.709079402008692128e+00
8.173427570102880679e+00
9.700360226743589109e+00
8.732404081659463913e+00
8.656684810636187777e+00
-3.559777780864949170e-04
-2.711026267903289457e-03
0.000000000000000000e+00
-6.379083423942252806e-02
-3.397354019284861554e-02
1.004601635952635102e-01
2.939720649238868888e-01
6.071867400549439964e-01
2.339883366730402536e-01
-2.721873671624778362e-02
4.746256513845871772e-01
6.245546901991418931e-01
1.148083763661676526e+00
1.577400817454804427e+00
1.222994804154179604e+00
1.107129059168673102e+00
3.554425952889803120e-01
1.397260689334035133e+00
1.187636519594752471e+00
1.921182220474501268e+00
1.370022385513760321e+00
1.345427467184623804e+00
2.011515753076400070e+00
1.639779895658478814e+00
2.465011025203235118e+00
1.760675805986400722e+00
1.886018954777791246e+00
2.700133162583403301e+00
2.911069631286762327e+00
3.671728505888692595e+00
2.480039167185204896e+00
4.000432286957201988e+00
3.348388307659946772e+00
4.622575406645673901e+00
4.370687802283383938e+00
3.446282313561095823e+00
4.304617498891902372e+00
3.454273907100662733e+00
4.151236571542497700e+00
3.262574709136178086e+00
4.059584248724630307e+00
5.572817803224925370e+00
5.129138886836188682e+00
5.008232435800922033e+00
5.394660742448341928e+00
5.674294586690005637e+00
5.985863437391856223e+00
6.326222832254623007e+00
6.912532971618080779e+00
0.000000000000000000e+00
0.000000000000000000e+00
0.000000000000000000e+00
0.000000000000000000e+00
0.000000000000000000e+00
-4.150149387482838237e-01
0.000000000000000000e+00
0.000000000000000000e+00
0.000000000000000000e+00
1.554379828441518896e-01
0.000000000000000000e+00
2.448922787103038790e+00
6.021213189722840475e-01
1.522420361255652388e+00
2.201701669428168806e+00
2.890250286685745351e+00
2.842152601380924626e+00
3.034405793050710454e+00
4.889607943760592157e+00
3.997851939807979704e+00
9.888213959249821272e+00
6.896211838648996562e+00
6.924350172410445481e+00
6.553103774310743646e+00
6.190136529023069656e+00
8.212483969600599565e+00
5.610693075450794431e+00
8.014529740214037190e+00
7.900907340504116583e+00
3.365333818604311134e+00
6.011033673658254806e+00
3.433072250908846712e+00
8.796397432233710845e+00
1.038306024432386820e+01
9.820936365029950821e+00
8.229418635742707266e+00
8.162396032441929350e+00
3.935455065069755953e+00
1.448690574131497932e+01
1.383621523725012636e+01
1.692976736849712438e+01
1.217572966752650743e+01
1.829012903832620651e+01
1.537248851150131124e+01
1.445485514397699944e+01
1.635451274333285454e+01
1.706292662451700082e+01
2.218234743915138552e+01
1.390153747330663236e+01
0.000000000000000000e+00
0.000000000000000000e+00
0.000000000000000000e+00
0.000000000000000000e+00
2.761879630646836038e-03
5.605100518726927050e-02
2.638488306404767822e-02
9.397673566425490677e-02
5.441378486568780593e-02
1.446848152520748609e+00
6.552658699094677797e-01
4.231416534628710258e-01
8.101912834236452143e-01
9.675749518438333530e-01
3.330873139677552608e-01
1.992072391484942084e+00
8.013919435535140634e-01
3.246487102437842331e+00
1.586026150428196502e+00
3.240180379173358993e+00
4.956458231073742837e+00
2.828618723393433676e+00
2.258435036376372995e+00
3.864818308736739372e+00
4.197426126271767366e+00
5.576634006698795609e+00
3.903908729681811796e+00
4.087730134607997279e+00
5.883199485893085168e+00
4.046475810822010466e+00
5.644529689445378473e+00
4.695174316299554285e+00
4.918731233510856171e+00
5.431675462756701656e+00
7.011334874492916924e+00
7.924751769513417976e+00
6.443508972258957357e+00
7.044291473852451801e+00
4.665808965051548185e+00
6.086111525721182858e+00
7.573748415842302073e+00
7.302813599418239932e+00
6.156993967380515187e+00
8.022939260519217797e+00
7.166713464624650420e+00
6.518966261252910677e+00
8.143109591313809403e+00
7.257302018122120835e+00
6.275578439391267693e+00
0.000000000000000000e+00
0.000000000000000000e+00
0.000000000000000000e+00
0.000000000000000000e+00
1.153467933601198814e-01
6.751538960290818722e-03
4.773491609166217176e-01
7.836253651703022349e-01
4.546925078316012558e-01
1.039057849052890781e+00
9.964063376930595295e-01
-4.871472107845954413e-01
1.899149486745239646e+00
7.954007832023154423e-01
1.260447554470888631e+00
1.808115010347593365e+00
1.445802044807638964e+00
1.244575161712627054e+00
1.421047760223502765e+00
1.493984728789757854e+00
2.040449093465826813e+00
1.935238305913521417e+00
2.500756182335657218e+00
2.194108915166010032e+00
2.319705308854443260e+00
2.598369149573315440e+00
2.682100417671581027e+00
2.848701818619848947e+00
2.565686302807995922e+00
2.651593241998426720e+00
3.183738812927308537e+00
3.037911139110736514e+00
3.565800599230015688e+00
4.757105614643603708e+00
4.065809366570265482e+00
5.514783561833516146e+00
3.954091001370554803e+00
5.374611627741027853e+00
5.118798599030481178e+00
5.825830141300579967e+00
4.849043509006907726e+00
5.442730227507627028e+00
4.998046763124524006e+00
6.148078735321202082e+00
7.070439730352131136e+00
7.280166339758523009e+00
5.828017692370178082e+00
3.696560577752113552e+00
5.388396020124558206e+00
0.000000000000000000e+00
0.000000000000000000e+00
0.000000000000000000e+00
-8.986496591068843243e-02
1.071020715557126357e-01
-4.123987935209738609e-03
8.668563993973689152e-01
3.983815876878641915e-01
5.257106991273392538e-01
2.164907728931827702e+00
2.714186076837171502e+00
1.353620302159777466e+00
3.295228523189959624e+00
1.565454602002852580e+00
1.779884131322375884e+00
1.916981562827809293e+00
1.135090738464644922e+00
2.384803108432687946e+00
1.730813928334298701e+00
8.448985783878260047e-01
2.769158490151981233e+00
4.170928931803531192e+00
3.896946889906889755e+00
4.295723907735288449e+00
3.484108663449503318e+00
5.969377780084520246e+00
3.824039801149085260e+00
5.099492709928966860e+00
5.188427188522521938e+00
3.892288897505929768e+00
4.997218686437214785e+00
4.697775663358986442e+00
7.100686600194232589e+00
6.964553374807355368e+00
5.430773266179611092e+00
4.936943460644170223e+00
5.515540937256279364e+00
5.669349173179251800e+00
6.570128495524728329e+00
6.281640544088327616e+00
8.281813749802889646e+00
7.580393588953087125e+00
6.514446255168529376e+00
8.093582992269210408e+00
9.432450384738256588e+00
7.931723791471894103e+00
9.220846853451186931e+00
8.702450906552455123e+00
8.319998568032419328e+00
