0.000000000000000000e+00
0.000000000000000000e+00
0.000000000000000000e+00
0.000000000000000000e+00
0.000000000000000000e+00
0.000000000000000000e+00
0.000000000000000000e+00
0.000000000000000000e+00
0.000000000000000000e+00
0.000000000000000000e+00
0.000000000000000000e+00
2.734945670374800963e-01
2.637695510892837727e-02
0.000000000000000000e+00
0.000000000000000000e+00
0.000000000000000000e+00
0.000000000000000000e+00
0.000000000000000000e+00
0.000000000000000000e+00
0.000000000000000000e+00
0.000000000000000000e+00
1.635207547154791663e-01
3.571985340485511751e-02
2.867920265684899273e-02
1.374788223314008517e-01
-9.357387255112072089e-02
-1.294556710354216600e-01
-1.324883605016610177e-01
-1.352773061429017876e-01
-1.504205206382882576e-01
-1.606358345678975119e-01
-2.008398765671867148e-01
-2.689520095641972364e-01
-2.623617154485255454e-01
-5.490256556357470813e-02
-1.162490610829380357e-02
3.510714585774613733e-02
1.047207581415268707e-01
3.054917491900464022e-01
3.933833734071491284e-01
4.005353245147057484e-01
4.344356169613193819e-01
4.193773272708222200e-01
2.539232877542242361e-01
2.442031681367895224e-01
2.078575555310972212e-01
1.801243584760045535e-01
1.544385163117459325e-01
-9.300578072411104513e-02
0.000000000000000000e+00
5.274740002435580888e-02
1.513027442473595663e-01
1.781592919002834285e-01
1.460566946740374517e-01
9.909620224834007896e-02
1.769366361009235278e-01
2.124730605023330832e-01
2.437023390916732424e-01
4.250936325550420114e-01
4.952046223539412206e-02
-3.774452971670353742e-03
-5.711412326229283604e-02
1.006652608623447853e-01
-3.379393053126232560e-02
-3.435756660807643553e-02
-4.103165750112786059e-02
5.446216240695440219e-02
1.084188980614184672e-01
2.107611970865879980e-01
3.860861735291091223e-01
4.860228231607659488e-01
4.627987814037806125e-01
4.356437193944322495e-01
4.253307116993226278e-01
4.812272301400287722e-01
4.882749855816598816e-01
5.316001569865579368e-01
5.424864675232290434e-01
5.105778380550326512e-01
4.560206321413725061e-01
5.316336879164287321e-01
6.043401616331314230e-01
6.129393173548264295e-01
5.888525008177675213e-01
5.630547219885232435e-01
6.239332866113933562e-01
6.061406154663778745e-01
6.179276792772941951e-01
6.555965713179986443e-01
5.142673369356759450e-01
5.192771212224494004e-01
5.624513405862793247e-01
5.691482046145484031e-01
5.699562645803853966e-01
5.760195255778783885e-01
5.830319842677422759e-01
4.798555808790114230e-01
5.006804185038831179e-01
0.000000000000000000e+00
0.000000000000000000e+00
0.000000000000000000e+00
0.000000000000000000e+00
0.000000000000000000e+00
0.000000000000000000e+00
0.000000000000000000e+00
0.000000000000000000e+00
0.000000000000000000e+00
0.000000000000000000e+00
0.000000000000000000e+00
0.000000000000000000e+00
1.206457562821040136e-01
1.283470298382609620e-01
5.417979324436133365e-02
1.208435599846586356e-01
7.430951433414934026e-01
4.764047458975491645e-01
3.728677700082079771e-01
2.076421743205569270e-01
1.174262713212007314e-01
1.229624533010114928e-01
1.289995923482058493e-01
1.731855137478122419e-01
1.806437840165362740e-01
1.884901020087218770e-01
1.969217269008416704e-01
-2.388336293060664209e-02
-7.193794159416971867e-01
-7.053130043144030248e-01
-7.275981118458307861e-01
-9.253871815248787547e-01
-1.257036535317514359e+00
-1.406505513620612380e+00
-1.488588409990541761e+00
-1.550315028513971072e+00
-1.317294778444198400e+00
-1.300420255748790277e+00
-1.220132277015953060e+00
-1.166189296695596012e+00
-1.227767844270926334e+00
-1.201924125316986780e+00
-1.128334504552509054e+00
-8.448438858361881909e-01
-3.839854348147426211e-01
-3.966797313752180032e-01
-3.367481725452970420e-01
-1.925550505778873822e-01
-8.578817846702534167e-02
0.000000000000000000e+00
0.000000000000000000e+00
0.000000000000000000e+00
7.284112371595423407e-03
1.329100167681464967e-02
3.492410244331613234e-02
1.796616861060617784e-02
-9.019725792716576374e-02
2.095662877899925544e-02
4.509812493050664728e-02
1.145543172459896342e-01
-2.482626495487343099e-02
2.435300536279430550e-01
-2.457389064231165973e-02
-2.599026420531135376e-02
-2.702238697157782754e-01
-2.973159093232646821e-01
-3.110076803884697094e-01
-3.079357059146708431e-01
-1.610900961825494360e-01
-4.594301018215662946e-01
-4.137294972393849024e-01
-3.900417872628597071e-01
-4.455329281710823097e-01
-2.836714260560539436e-01
-2.123666169351412780e-01
-6.408579476107774398e-02
8.117348424740856994e-02
9.631549050902106501e-02
1.075713013852067496e-01
1.369099662492350156e-01
3.107514701453560346e-01
2.916677629329184063e-01
-2.501199238421908388e-02
1.602536590708370512e-01
2.764394828185426922e-01
3.256227735771395349e-01
1.641509183974352304e-01
-2.876249815746522928e-02
-1.959523762586797557e-01
-3.552762476581596274e-01
-4.526160841172219285e-01
-4.634854220228380450e-01
-1.148873866792834847e-01
5.645072587048370616e-02
4.826254953842730455e-02
1.217902103471199537e-01
2.650534620179680334e-01
5.876023640846018692e-01
1.596386790919393853e-02
0.000000000000000000e+00
0.000000000000000000e+00
0.000000000000000000e+00
0.000000000000000000e+00
0.000000000000000000e+00
1.681979207348360122e-02
1.733079156786818120e-02
8.096307280835683684e-02
8.307656474952905545e-02
1.007771462131655388e-01
1.028903283113730416e-01
1.564895140488699599e-01
1.353589468857391565e-01
2.186184893706030197e-01
4.920922888286487495e-01
5.591162077822983134e-01
6.172658981338010609e-01
3.173401359306356473e-01
3.369347225281524305e-01
2.241624306655818077e-01
1.542241617752950211e-01
2.453484599468572502e-01
1.915371382993928395e-01
1.941374926405302348e-01
1.389226835260327364e-01
2.315125295833169172e-01
3.275250177590879330e-01
4.411578334504403509e-01
4.863932765045565487e-01
2.419250165595084878e-01
1.943937692724627408e-01
1.520814516967399499e-01
1.505578824348371425e-01
1.152229544917801884e-01
5.603188626346647383e-02
5.254677292524503884e-02
9.261984095487499347e-02
9.073707379999867983e-02
8.560152364514760082e-02
1.145040738717084394e-01
6.949156573540953008e-02
1.212556737650038047e-01
1.882869264201986192e-01
2.555440904755890696e-01
3.040474052854248987e-01
4.606011464363113372e-01
4.926621496863386462e-01
5.354339104411623973e-01
1.496091839293821248e-03
0.000000000000000000e+00
0.000000000000000000e+00
6.732179115697241312e-03
3.042664060838483602e-03
2.231488075090139189e-03
3.306089711454830715e-02
-3.717577580032056100e-02
3.522959964406484346e-03
2.925663832787938068e-01
1.570165639548045111e-01
7.068231156168257312e-02
3.682084245560292290e-02
1.250486662162537434e-02
4.664685928121034553e-02
7.919899052259689320e-02
1.037725392665514446e-01
-7.439963720364350941e-02
-1.690655413288679604e-02
-3.742581624107040039e-02
1.677708322445324053e-04
-6.091039676089853722e-02
-8.671298573245456165e-02
1.247152918299510443e-01
3.144643653338551337e-01
3.705167649913193029e-01
3.919454377500057318e-01
3.264125562275405068e-01
2.541977906964080769e-01
2.230725905029599110e-01
1.676506481833399398e-01
1.607371991276743961e-01
1.780507730711504422e-01
2.161158548890123599e-01
2.579965169410464165e-01
2.828947764600931447e-01
2.862640168703661225e-01
2.546844630103492491e-01
1.841880949789610755e-01
1.293507509514087717e-01
1.519579019204396475e-01
1.906833280153409638e-01
1.597181770142378499e-01
2.155263971741832596e-01
3.469580380191140123e-01
4.203333510165057074e-01
3.538833952460005428e-01
4.287884844027849973e-01
3.707014521929303252e-01
