0.000000000000000000e+00
0.000000000000000000e+00
9.226805248207713139e-02
6.120741070722419963e-03
1.795042397332991257e-01
5.150458372625484893e-01
1.621569386852405037e+00
3.109038580057338130e+00
1.719497051929077758e+00
1.302514403827635503e+00
2.970021571253306458e+00
4.427292832703932923e+00
6.223833118689414690e+00
4.432077779264656847e+00
6.103943230792039820e+00
4.455651127810389411e+00
9.968493340563554739e+00
5.649526168478946175e+00
5.854269409164595039e+00
5.213495626298334962e+00
9.127652500222040999e+00
8.153251203074983522e+00
7.512521413693749928e+00
8.608526501816001542e+00
1.475928740424554420e+01
1.424087541835782034e+01
1.329662140039636320e+01
1.622762139225994815e+01
1.326299081725539253e+01
1.229707222905791753e+01
1.455708992671426394e+01
1.576850438874709504e+01
1.784756251439161190e+01
1.430645464068992290e+01
1.647606279706907983e+01
1.893930684370922535e+01
1.906200754135127795e+01
2.283607359809006354e+01
1.846873944547135338e+01
2.389854072297577048e+01
2.275060790767368246e+01
2.361797337088636795e+01
1.888836560349481530e+01
2.247133254972894889e+01
1.918460482912686516e+01
2.000249142953050452e+01
2.919287691791040373e+01
2.121175144002013724e+01
2.786869966010139166e+01
