0.000000000000000000e+00
0.000000000000000000e+00
0.000000000000000000e+00
4.613694725616436509e-02
4.381374251115863205e-02
4.549051645261979748e-02
4.703983873172346702e-02
1.188354321436877331e-01
3.553390485885203898e-01
5.058025505244356790e-01
3.713915320949442433e-01
3.929131975855243430e-01
1.970120685238665459e-01
1.249310255820787474e-01
1.033699288883049711e-01
1.546027629306208351e-01
2.064079113090411949e-03
1.084407365233219615e-02
1.461051993517488989e-01
8.768029622129258627e-02
4.138472559091273088e-03
-8.126460193480261607e-02
-1.302178885149938570e-01
-4.351261588802698976e-02
1.421224217854570766e-02
4.512671542978021616e-02
9.789174489785623656e-02
1.626372160645856435e-01
3.149002636621868467e-02
-7.253437249320462965e-02
-2.181435945389305631e-01
-3.146985589137870076e-01
-4.217084334683361968e-01
-4.380941023658921352e-01
-5.197841567173369093e-01
-5.405733959920865361e-01
-6.451171478998304343e-01
-6.554416899383637141e-01
-6.028400056433056431e-01
-6.059707073001212585e-01
-5.782864295092510210e-01
-5.382260896365972380e-01
-5.174640567771304767e-01
-4.761924008350897908e-01
-4.106383656033644747e-01
-2.823285848526836950e-01
-2.162135857780158599e-01
-2.716342686151456132e-01
-1.810214925875815728e-01
5.424590423383215607e-03
-2.839894956893860428e-02
1.685835334988491224e-02
2.249960853599256017e-01
2.670462469085522206e-01
1.552574093530023347e-01
2.087062697155014357e-01
3.450001711846473751e-01
3.883978253442498252e-01
4.376063442717397223e-01
4.447976689147984386e-01
4.890172460465783688e-01
4.755426328866224073e-01
5.065410322853119984e-01
5.564938304588130658e-01
5.563967440552306520e-01
6.137808004696502229e-01
6.252648553437299972e-01
6.212161743742589115e-01
5.505594896083444434e-01
5.008241554825061392e-01
5.234563347547097623e-01
5.302392469911084705e-01
4.537031995702716647e-01
3.969671041147727619e-01
3.399628710513505347e-01
2.810453704124956098e-01
1.943557575879596433e-01
1.204161079071314477e-01
4.146635786320761879e-02
-5.399368685736583712e-02
-6.230321818915870308e-02
-1.146874612226073814e-01
-1.514260843307549398e-01
-1.422478754756006103e-01
-1.523818857530210291e-01
-1.482578617223410389e-01
-1.213150586778015960e-01
-1.226539105234341620e-01
-1.719367112614254012e-01
-1.661176776851873427e-01
-1.707469906775075374e-01
-1.220463306540615078e-01
7.696720730037877323e-02
8.574928528882377887e-02
8.205100869262091368e-02
7.716005174526209542e-02
5.654311616676180319e-02
1.725560098555455057e-01
0.000000000000000000e+00
0.000000000000000000e+00
0.000000000000000000e+00
0.000000000000000000e+00
0.000000000000000000e+00
0.000000000000000000e+00
0.000000000000000000e+00
0.000000000000000000e+00
0.000000000000000000e+00
0.000000000000000000e+00
0.000000000000000000e+00
0.000000000000000000e+00
0.000000000000000000e+00
0.000000000000000000e+00
0.000000000000000000e+00
0.000000000000000000e+00
0.000000000000000000e+00
0.000000000000000000e+00
0.000000000000000000e+00
0.000000000000000000e+00
0.000000000000000000e+00
0.000000000000000000e+00
0.000000000000000000e+00
0.000000000000000000e+00
0.000000000000000000e+00
0.000000000000000000e+00
1.056434441859250284e-01
1.097957315794587801e-01
1.137154533598295769e-01
1.178199612119913142e-01
1.219636949715239421e-01
1.259956143153989627e-01
2.647178336903933671e-01
1.551943490772363966e-02
-3.405874176146903715e-02
-9.101072387461497937e-02
-1.267348240656774871e-01
-1.417960594441232680e-01
-2.721314099749844728e-01
-5.125949842354960984e-01
-5.858900060479114158e-01
-6.544213660013584732e-01
-8.164725515844800663e-01
-8.428814494257284018e-01
-8.745865456475870880e-01
-9.042379609825080822e-01
-9.329339511707519517e-01
-9.632768602440956451e-01
-9.945953989429410225e-01
7.489505230853506050e-03
0.000000000000000000e+00
0.000000000000000000e+00
0.000000000000000000e+00
4.263048392265166714e-03
0.000000000000000000e+00
0.000000000000000000e+00
1.089646881123594729e-01
4.440859179051719757e-03
-2.186519675106719796e-02
-1.489626626447560290e-02
-1.545039679209505440e-02
1.206811508921131065e-01
1.552856648339228096e-01
1.512852399802409598e-01
-1.249047821509996492e-02
1.834618522516861475e-03
-4.846233929821300995e-02
-8.404352022172698056e-02
-8.677592839747794162e-02
-8.943921977015528713e-02
-6.412406477771094571e-02
1.092169010617309310e-01
1.689694906273395969e-01
2.405084231232628711e-01
2.591486942308941499e-01
5.129754697283884779e-01
5.553970128529222006e-01
5.687134352047363839e-01
5.656366786982984785e-01
5.786871810566869279e-01
6.480700608790417316e-01
7.564968703193410970e-01
7.025733532585789476e-01
8.345782009800705170e-01
6.903871150219242914e-01
4.081123331873651727e-01
2.750095344893933591e-01
2.374134481785951378e-01
1.482533737850818267e-01
1.021655029630578193e-01
9.095153026539670726e-02
9.106423898797909311e-02
4.313600348018335751e-02
2.563824858765639467e-02
2.188975071285501894e-01
1.564643762711804553e-01
2.464512899590018125e-01
2.173493223318165024e-01
0.000000000000000000e+00
0.000000000000000000e+00
0.000000000000000000e+00
0.000000000000000000e+00
0.000000000000000000e+00
0.000000000000000000e+00
1.955683712946447092e-02
5.814663367725404070e-02
9.206722801068034645e-02
2.056543886671415577e-01
1.367265640289459794e-01
2.814078926087031363e-01
3.515414559304031461e-01
2.375440164659983200e-01
2.593358124458392533e-01
2.091603615893898038e-01
2.705499048435858200e-01
1.982175357842582419e-01
1.344257233086420256e-01
1.406166934987755357e-01
4.799126755009217732e-02
8.679109028310086349e-02
1.046896564650477875e-02
4.223253383810009198e-02
-8.087524183997711613e-02
-5.543807028449432989e-02
-8.749540058416880803e-03
1.050561072132394705e-02
4.441475308622133689e-02
-5.344880439122089849e-02
-7.275906353967648288e-02
-7.349295788987059153e-02
-4.400018750290377034e-02
1.827767831879052214e-05
1.661243778421931938e-01
8.090028268579187512e-03
1.514300945198457371e-02
-1.537121076044570822e-01
-1.995107058831074309e-01
-2.421114724392162687e-01
-2.448248828406423827e-01
-2.468558899411697483e-01
-2.757945494756768312e-01
-2.541420426523386400e-01
-3.053749180917633144e-01
-2.847193796399953292e-01
-2.249627123141413887e-01
-1.223017041618528200e-01
-1.185524929772130420e-01
0.000000000000000000e+00
2.237183294234867947e-02
-8.772746836009016891e-02
1.044047295750134656e-02
-6.887459572961393247e-04
7.120942615764205147e-03
1.868741622061708893e-02
4.663089255598051874e-02
4.047133383697879699e-02
1.223063283138943469e-01
1.207129908708200888e-01
2.083834579811772447e-01
3.531717096923253640e-01
4.397832619573520119e-01
4.419450352987217001e-01
4.192909844945306164e-01
4.183922807907368147e-01
3.153986382014397627e-01
4.125417939718986626e-01
5.409415029949815601e-01
3.832968396069270645e-01
4.213559224844234952e-01
4.401515372711886642e-01
2.869206425209623879e-01
2.702825441524676631e-01
1.681037582583812251e-01
7.736913343176511637e-02
1.659690355434562115e-01
1.685252230875396995e-01
1.847395436416312542e-01
1.343800425908672214e-01
1.580822135643019655e-01
2.275594579846505205e-01
2.681139480446960155e-01
2.645226483051154598e-01
2.059313916620966745e-01
1.890870551017292955e-01
2.431073289657756653e-01
2.643467585495661298e-01
3.403198321911489743e-01
2.420183486820395857e-01
2.537497547931526487e-01
2.195126347057096416e-01
2.166291642340292256e-01
2.670107438449135784e-01
2.745742163268185543e-01
2.370649774445316715e-01
1.919255872903408155e-01
2.355466852577216830e-01
