0.000000000000000000e+00
0.000000000000000000e+00
5.873282901715550820e-03
1.218041786692486639e+00
1.442725560420816455e+00
4.149253956335409832e+00
5.065400629986722691e+00
7.261117234874214788e+00
7.555731271247430492e+00
9.290668729421570404e+00
1.802523454595710461e+01
1.218484282067036872e+01
1.350864074325564346e+01
1.271271116918924804e+01
2.156552819864292303e+01
1.664383227512034225e+01
2.207626279344578535e+01
2.718277025316280771e+01
2.945135953692389919e+01
2.603995257574724320e+01
2.541148425423654800e+01
2.933589936036275603e+01
2.911617804753922201e+01
3.642408710931934479e+01
3.069856959206033054e+01
3.682135878947851637e+01
3.771608219192257394e+01
4.601469077494787996e+01
4.562122899013871091e+01
3.857404452318323962e+01
3.865750315353608357e+01
4.427582694540386399e+01
4.586561881327772738e+01
4.198100391389606045e+01
4.972477985399892475e+01
5.278990953956805754e+01
4.700337231948781636e+01
6.418820160420514753e+01
5.973939220055649457e+01
7.264469218346513912e+01
8.343612887674207457e+01
7.462534230367494104e+01
7.916064140739698018e+01
8.518765746644567116e+01
6.914433607267889670e+01
9.393622267177667595e+01
9.646189309237233545e+01
1.082393674333720099e+02
7.388773860467205168e+01
