0.000000000000000000e+00
0.000000000000000000e+00
0.000000000000000000e+00
0.000000000000000000e+00
0.000000000000000000e+00
7.104682267508205529e-02
3.745931671249003725e-01
7.633545103397293419e-02
2.049069620344607101e-01
5.199270269413005519e-01
5.420688757713283401e-01
6.032074361581837296e-01
5.474727196713755628e-01
7.070403648238503536e-01
4.074605098866952990e-01
4.450817606497420864e-01
7.537148896493784944e-01
9.347588022351676074e-01
8.798330048936178205e-01
9.041394013299461907e-01
9.290737459426853251e-01
9.750006177121298689e-01
1.089896496637442702e+00
1.004737713276952604e+00
1.027862719544486936e+00
1.218526487533951430e+00
1.207659961381009062e+00
1.175814370899266104e+00
1.200360846167181972e+00
1.131617548075449120e+00
1.091159076641325276e+00
1.108545897738111963e+00
1.121930361025290424e+00
1.162562671591164110e+00
1.202814731996083575e+00
1.279101733750822589e+00
1.308578912126585836e+00
1.204719215243811981e+00
1.204557701259415747e+00
1.220433051394456792e+00
1.224873695322805434e+00
1.218163210083872405e+00
1.179141865489127916e+00
1.203975450844992690e+00
1.239534735858024428e+00
1.234357490312860239e+00
1.228402003909425000e+00
1.253092142550314536e+00
1.283240797474129558e+00
0.000000000000000000e+00
2.570563455230171282e-02
0.000000000000000000e+00
0.000000000000000000e+00
0.000000000000000000e+00
2.732670979271509953e-02
3.283984137783514667e-02
1.990961753293666106e-02
2.215938148694909793e-02
6.800416861071545416e-02
6.949923273119387734e-02
6.276748534337649177e-02
-1.692833116210866809e-02
9.468387409382190978e-02
9.353730396536286129e-02
-4.617155063380713742e-02
-1.274244713007678942e-01
-1.214548238476418490e-01
-7.670539726191687169e-02
-7.258362998171895286e-02
-7.788905542902099799e-02
-5.915297947544314455e-02
3.093240538665287948e-02
9.576115870461293644e-02
1.456434342250343128e-01
1.411902047189122766e-01
1.492333277839348604e-01
2.260814883853179691e-01
3.407550402398736300e-01
3.493837380822339966e-01
3.493341095019044662e-01
3.567973539086495283e-01
3.626044838709319706e-01
3.577044878481514534e-01
3.510756659419166925e-01
3.073195974202950209e-01
1.827751684184499847e-01
4.512876157941447808e-01
5.276209308467745274e-01
1.519296014919586102e-01
2.359404788090364510e-02
2.892232500143606180e-02
1.010084617911509441e-02
2.873001080490538307e-03
2.231948344961700095e-02
1.942275392313073390e-01
2.865439733716405590e-01
3.755355113618135676e-01
3.933504233644661841e-01
0.000000000000000000e+00
2.683930500947163261e-02
0.000000000000000000e+00
0.000000000000000000e+00
0.000000000000000000e+00
0.000000000000000000e+00
0.000000000000000000e+00
0.000000000000000000e+00
0.000000000000000000e+00
1.120213251460167453e-01
1.218709121042176879e-01
1.332568497792243623e-01
-5.658111282282695526e-02
-6.018029835053080590e-02
-5.799557204263006832e-02
-6.169274402514893230e-02
-2.410571220373276813e-01
-2.572028475300743855e-01
-2.744484479830563428e-01
-1.100234885400061535e-01
0.000000000000000000e+00
0.000000000000000000e+00
0.000000000000000000e+00
0.000000000000000000e+00
0.000000000000000000e+00
0.000000000000000000e+00
0.000000000000000000e+00
0.000000000000000000e+00
0.000000000000000000e+00
0.000000000000000000e+00
0.000000000000000000e+00
0.000000000000000000e+00
0.000000000000000000e+00
0.000000000000000000e+00
0.000000000000000000e+00
0.000000000000000000e+00
0.000000000000000000e+00
0.000000000000000000e+00
0.000000000000000000e+00
0.000000000000000000e+00
0.000000000000000000e+00
0.000000000000000000e+00
0.000000000000000000e+00
0.000000000000000000e+00
0.000000000000000000e+00
0.000000000000000000e+00
0.000000000000000000e+00
0.000000000000000000e+00
0.000000000000000000e+00
0.000000000000000000e+00
0.000000000000000000e+00
0.000000000000000000e+00
1.702707136498225835e-03
1.876051976799926425e-03
2.072148631662991229e-03
9.769355557328311289e-05
1.068515261558980093e-04
1.155038376211255720e-04
0.000000000000000000e+00
0.000000000000000000e+00
0.000000000000000000e+00
3.244838893387286261e-02
8.276669052479074251e-02
8.653799608792514531e-02
-5.347361742812934554e-03
3.583885624106743911e-02
3.083829597492864991e-02
3.335265109780473358e-02
-1.192361885308746150e-01
8.374979960774660281e-02
2.156322218491320553e-01
2.290652434527539749e-01
3.098816791407313365e-01
2.304323316580817183e-01
1.011857167011856046e-01
1.566566953830283160e-01
1.608643430815617781e-01
1.754934523985851869e-01
2.514555835837962716e-01
1.729990496930457755e-01
1.833053601480846007e-01
2.084215166799097962e-01
2.133095991410572378e-01
2.182883690345382988e-01
2.085933211869758497e-01
2.130991934342298111e-01
1.385689684135634758e-01
-1.726187736679957174e-02
-5.519465934875133345e-02
-8.163681324608348944e-02
4.559164251507485943e-02
6.265559750094934488e-02
1.205765265693561385e-02
1.229397303005798185e-02
-1.361773415223393735e-01
-1.757262219671420767e-01
-1.965454260501203199e-01
-2.563273887993564037e-01
0.000000000000000000e+00
0.000000000000000000e+00
2.703782775457773124e-01
1.328669967190192203e-01
1.153467933601198814e-01
5.536305751951683257e-03
5.776157466867385543e-03
6.937955305546142197e-04
6.325409517905043223e-03
6.503322968974366639e-03
1.859081897519642562e-02
3.354464522017520933e-02
5.722446584050051854e-02
1.435634841740269889e-02
-9.186114715789877455e-03
4.743854959381949010e-02
6.616076475056488493e-02
8.035664645443751919e-02
8.160309582029921793e-02
1.106372445554057032e-01
7.788030606992583926e-02
2.096114395421447840e-01
2.125124008252615992e-01
2.528278473413078653e-01
2.436003158641126543e-01
2.430710912353191144e-01
2.381425595686092467e-01
2.266105811237026368e-01
2.135514070623940885e-01
1.712845289847051977e-01
1.735230585094005573e-01
2.549439911144599780e-01
3.649812537626669351e-01
3.683316039398252806e-01
4.541031694413560360e-01
4.671755118495390380e-01
4.904459662827079791e-01
2.180350752361859268e-01
2.954024341344461679e-01
2.476361080855079833e-01
3.293061791192803400e-01
4.098189917599924237e-01
3.904890778227568804e-01
3.947801880848574307e-01
3.991672814195015850e-01
4.036434649094514659e-01
3.782832598600714413e-01
3.823255498231244442e-01
3.771560605817711465e-01
0.000000000000000000e+00
0.000000000000000000e+00
0.000000000000000000e+00
0.000000000000000000e+00
0.000000000000000000e+00
0.000000000000000000e+00
0.000000000000000000e+00
0.000000000000000000e+00
0.000000000000000000e+00
5.243039530277981974e-02
5.503035082951874407e-02
1.893526089368020582e-01
2.106684972943148049e-01
2.419613089828764330e-01
2.510886344232210465e-01
2.599864906373558493e-01
2.801818984105119981e-01
2.892867212694711365e-01
2.989220620001407647e-01
3.088938916108473487e-01
2.780321100334675610e-01
9.718028085447590059e-03
9.998769366409270345e-03
-3.667553538079239284e-02
-4.166665338427936321e-02
2.962744269656112164e-02
2.197820077697687224e-01
4.366675912989247399e-01
4.079887621383393448e-01
4.168219150295136566e-01
3.439934213503964000e-01
2.960069999908763183e-01
3.021163729504879325e-01
3.083652273048635428e-01
2.477158320917005052e-01
2.059046999713417536e-01
1.098537115441446388e-01
8.797530038349525572e-02
7.339734612280390813e-02
1.753545318043325807e-02
1.786740097148343392e-02
-1.092545286360104353e-02
-9.571693904082734239e-02
-1.786903376923402176e-01
-2.172881196721034580e-01
-2.370819345443888893e-01
-2.441914074431166815e-01
-1.318353327935818387e-01
-3.288637905689539287e-01
