0.000000000000000000e+00
0.000000000000000000e+00
0.000000000000000000e+00
0.000000000000000000e+00
1.153467933601198814e-01
1.004601635952635102e-01
1.001665429570836485e+00
1.188308482926557774e+00
6.121247083350658258e-01
2.164907728931827702e+00
2.714186076837171502e+00
2.448922787103038790e+00
3.295228523189959624e+00
2.158557054998770042e+00
2.201701669428168806e+00
4.405240797705292977e+00
4.362725083222580125e+00
3.246487102437842331e+00
4.889607943760592157e+00
3.997851939807979704e+00
9.888213959249821272e+00
6.896211838648996562e+00
6.924350172410445481e+00
6.553103774310743646e+00
6.851022569702454490e+00
8.212483969600599565e+00
5.610693075450794431e+00
8.014529740214037190e+00
7.900907340504116583e+00
5.733172965738797977e+00
6.289527017437633205e+00
4.697775663358986442e+00
8.796397432233710845e+00
1.038306024432386820e+01
9.820936365029950821e+00
8.229418635742707266e+00
8.162396032441929350e+00
7.044291473852451801e+00
1.448690574131497932e+01
1.383621523725012636e+01
1.692976736849712438e+01
1.217572966752650743e+01
1.829012903832620651e+01
1.537248851150131124e+01
1.445485514397699944e+01
1.635451274333285454e+01
1.706292662451700082e+01
2.218234743915138552e+01
1.390153747330663236e+01
