0.000000000000000000e+00
0.000000000000000000e+00
-1.257337821012599055e-01
-2.360907104170490989e-01
-4.387490556193205174e-03
7.202368311231645004e-01
1.541108412860483945e+00
2.749362480426738475e+00
2.246270211636500758e+00
1.965290370274960008e+00
2.118011976436644961e+00
4.741659415384668286e+00
5.296227607210139077e+00
5.591265354086985440e+00
5.427211637300723979e+00
5.255971373603260055e+00
1.026444870357457573e+00
7.471010492386924717e+00
8.902950504424840261e+00
6.341318269452046685e+00
9.822599950426761595e+00
9.463535362105655935e+00
7.946967145160351187e+00
7.542904332098345321e+00
1.034670220761755211e+01
1.000464985950986829e+01
8.817700690864867852e+00
1.122034987791533567e+01
1.077384151564328718e+01
7.478781121962684075e+00
1.022012567074498257e+01
9.611967411583007603e+00
9.728867645342663906e+00
8.837029202298854358e+00
1.007576562699594369e+01
1.128196540398696079e+01
1.419009170986563539e+01
1.406583430677014235e+01
1.174886365545643940e+01
1.402649339416556984e+01
1.588384133791093156e+01
1.499184630113177619e+01
1.532640552347436724e+01
1.616304915818813726e+01
1.721865045074235212e+01
1.691188569882311299e+01
1.889113929604004483e+01
1.953927774577581999e+01
1.932972519920789267e+01
0.000000000000000000e+00
-2.711026267903289457e-03
0.000000000000000000e+00
-5.902471360218321250e-02
1.569829035578822474e-01
1.886757570675500206e-01
6.808793463895523868e-02
2.904915985055269712e-01
7.279548690318848880e-01
1.016295091791357352e+00
1.029885590802881001e+00
1.043172145530144812e+00
1.445058034560428029e+00
1.178608805132361770e+00
9.629223886325316561e-01
1.816456834359053252e+00
1.712993741918404034e+00
1.340055127938242885e+00
1.007249357606374129e+00
2.205641450983692131e+00
3.066314553516184649e+00
3.036408909875206952e+00
3.003858143218417709e+00
2.478337673331363344e+00
3.256716281307397320e+00
2.572903280805163284e+00
2.900875420050438525e+00
4.746424194735618052e+00
4.076015683904520515e+00
2.603199104463177704e+00
5.357673513871633375e+00
4.917063874510291477e+00
3.830652746087056304e+00
4.539124212065673625e+00
6.476936525481599816e+00
5.120785600067474519e+00
7.542363370919194843e+00
6.062393470473296020e+00
7.626790285512010215e+00
7.329819268810014776e+00
6.844501803756503300e+00
6.644497615232753063e+00
7.870407476110667488e+00
7.998813063270791446e+00
8.325554910472748205e+00
1.025709133985005295e+01
9.260394952675168767e+00
8.637826942854029966e+00
9.993402439467308440e+00
0.000000000000000000e+00
0.000000000000000000e+00
0.000000000000000000e+00
0.000000000000000000e+00
1.442725560420816455e+00
1.059231604399617055e+00
1.841038731172241816e+00
2.917582434727254537e+00
2.867862072799172601e+00
3.659449679640030872e+00
1.802523454595710461e+01
5.852354578030602106e+00
1.036413784003269356e+01
1.271271116918924804e+01
1.050586383394580281e+01
9.986467334704856924e+00
1.323118415999287834e+01
1.116532233367358629e+01
2.006087999143226597e+01
2.584951231783384884e+01
2.541148425423654800e+01
1.969094295291812813e+01
1.681497606408518308e+01
3.642408710931934479e+01
2.464232958811408025e+01
3.682135878947851637e+01
3.449392304038290291e+01
4.601469077494787996e+01
3.308496134694644297e+01
3.742185986567412925e+01
3.865750315353608357e+01
4.427582694540386399e+01
3.765055152273183126e+01
4.198100391389606045e+01
4.457409209985995346e+01
5.024010412401662506e+01
4.700337231948781636e+01
6.418820160420514753e+01
5.973939220055649457e+01
7.264469218346513912e+01
8.343612887674207457e+01
7.462534230367494104e+01
7.916064140739698018e+01
8.518765746644567116e+01
6.914433607267889670e+01
9.393622267177667595e+01
9.646189309237233545e+01
1.082393674333720099e+02
7.388773860467205168e+01
0.000000000000000000e+00
0.000000000000000000e+00
0.000000000000000000e+00
0.000000000000000000e+00
3.536974283710302147e-02
1.709528162961941877e+00
2.759226763777824498e+00
1.933588664707456051e+00
6.099616576892366027e+00
7.094651953574528491e+00
6.893514272868826787e+00
3.828776889156790819e+00
9.875917098818270290e+00
5.120085597641323538e+00
1.584983084646492202e+01
8.672242354797544905e+00
1.120035724997652338e+01
9.393323200936590567e+00
7.573650178259281773e+00
8.382804110740268655e+00
9.840915456440416875e+00
1.482837350959484191e+01
1.187550669028264672e+01
1.657327344285447168e+01
1.226199737348366803e+01
1.462155762826053085e+01
1.105788553503195892e+01
1.419104548314045822e+01
1.303604345464228231e+01
1.986790495258910738e+01
1.670024894356033585e+01
1.522561150084770176e+01
1.624435623889868552e+01
9.652271792762133984e+00
1.606636281292938406e+01
1.646658427817465054e+01
1.658824659185203743e+01
2.020241052661225112e+01
2.004410485817839671e+01
1.759694727333685904e+01
2.446477892211711946e+01
2.409393234651048843e+01
1.920248440198640694e+01
1.995334291756111256e+01
2.673365258221713248e+01
1.374286665479425551e+01
2.151141332419009800e+01
2.404615824810657898e+01
2.862318386913322144e+01
0.000000000000000000e+00
0.000000000000000000e+00
0.000000000000000000e+00
4.610659634307400574e-04
0.000000000000000000e+00
7.778259749248858657e-02
2.720082345455834272e-01
7.840145893917991327e-01
2.236168717515795157e-01
1.654490159668997873e-01
2.209086891329821611e+00
8.281889193811121930e-02
2.195191527203848025e+00
1.584398903499700806e+00
1.941805840004145356e+00
2.770682881663587782e+00
8.352758008131391243e-01
8.629875359862990702e-01
2.754038161693860065e+00
1.444080656653186523e+00
1.813311773145000583e+00
3.368479940226190017e+00
3.103408894413289154e+00
3.982396984043358401e+00
4.383332414232560481e+00
4.276489206414908928e+00
3.689322489896819324e+00
5.289094994970013452e+00
4.093122982599826543e+00
3.522552808721718165e+00
5.940016484922765905e+00
4.760925659733318938e+00
6.413479554318897158e+00
6.788579211034745597e+00
7.459028147406400855e+00
5.979013946811565283e+00
7.468646411588178324e+00
6.151891863327093368e+00
8.407712601434113253e+00
6.946030740049799590e+00
8.091394627958193198e+00
9.028634579768986868e+00
8.641464638030356582e+00
9.281164362597783324e+00
8.630756800449203681e+00
9.484793561820250574e+00
9.212277780514641634e+00
1.096541226774375488e+01
1.025169607097395286e+01
0.000000000000000000e+00
0.000000000000000000e+00
5.873282901715550820e-03
1.218041786692486639e+00
1.399557185487934508e+00
4.149253956335409832e+00
5.065400629986722691e+00
7.261117234874214788e+00
7.555731271247430492e+00
9.290668729421570404e+00
1.302773510122861289e+01
1.218484282067036872e+01
1.350864074325564346e+01
1.264083913730182118e+01
2.156552819864292303e+01
1.664383227512034225e+01
2.207626279344578535e+01
2.718277025316280771e+01
2.945135953692389919e+01
2.603995257574724320e+01
2.316006039961643381e+01
2.933589936036275603e+01
2.911617804753922201e+01
3.227025427882090725e+01
3.069856959206033054e+01
3.464011059531312497e+01
3.771608219192257394e+01
3.946704421855172740e+01
4.562122899013871091e+01
3.857404452318323962e+01
3.830644478648586215e+01
4.304771553091296710e+01
4.586561881327772738e+01
4.178703191218294677e+01
4.972477985399892475e+01
5.278990953956805754e+01
4.429588056607408220e+01
4.797387672428790495e+01
5.432252736043559338e+01
5.531783010135823275e+01
5.309701164120532724e+01
4.815650863543293525e+01
5.721898531104157115e+01
4.659183791555928167e+01
6.058053132799794582e+01
6.710002036746345766e+01
7.067521539525175456e+01
6.463845162949873213e+01
6.478093361234978431e+01
