0.000000000000000000e+00
0.000000000000000000e+00
0.000000000000000000e+00
0.000000000000000000e+00
1.853300857155905368e-01
3.180589641975978266e-02
8.366319877525783821e-02
-1.338779519012791262e-02
9.923873689164201817e-02
1.238311923961479127e-01
1.216921462054724457e-01
3.836953459111180909e-01
5.236987224182740874e-01
2.493058886779556393e-01
1.372315984624164487e-01
1.689105578548605047e-01
5.779005411385620405e-01
6.141629000037266417e-01
7.815428652108077356e-01
7.818728464389597121e-01
7.011529890207237603e-01
6.037974641562271483e-01
3.361327706873017407e-01
2.184933498108947714e-01
2.559527564865488602e-01
1.425464383091126219e-01
-1.811541481987993807e-01
-2.910680767494275289e-01
-5.841065877704030296e-01
-6.297529790877025579e-01
-6.500780484026336126e-01
-7.006434778063265201e-01
-7.792389033807624044e-01
-7.836456543250691631e-01
-6.976929062915483426e-01
-7.297692966632535194e-01
-5.834517291607730360e-01
-4.055591611302606370e-01
-2.886971748196889287e-01
-2.469540902322326370e-01
-1.956929977736581727e-01
-3.131937070916812615e-01
-3.188865749976453889e-01
-3.166833518795724167e-01
-3.224201004195059173e-01
-3.282347179961087602e-01
-3.343153166220385608e-01
-3.610254167589955765e-01
-7.729729530364570778e-01
0.000000000000000000e+00
1.256378373082460073e-02
1.447427670495997631e-01
1.645168115857092161e-01
3.893109389440175400e-02
5.353039955372434350e-02
1.487928742084623501e-01
2.364074640576432906e-01
2.514556760146953729e-01
3.181496381647492266e-01
1.056972955303867728e-01
5.348490471025486165e-02
7.231204088172893396e-02
5.527671386007873555e-02
4.177841172752345955e-02
4.247521792045344524e-02
4.748579084992627514e-02
6.062520930123542484e-02
8.144793756574528198e-02
1.378549230464883868e-01
1.990045244094386379e-01
2.020815576367007427e-01
2.050725690885336905e-01
1.730180223680982954e-01
2.143275944670446076e-01
2.131053519170465760e-01
5.594073640118893409e-02
1.081949279011684278e-01
1.564166468096378215e-01
1.154338251944655169e-01
9.500590021907673322e-02
9.516931307060334799e-02
1.151907584548443053e-01
1.748784032094285457e-01
8.130507194683164740e-02
8.231500948726731826e-02
8.250025939161173549e-02
1.184603828009678783e-01
1.225330148108580708e-01
6.441026837436446273e-02
9.036691455015340158e-02
1.268326906500730211e-01
1.491599737390401359e-01
1.715161518254130213e-01
1.919611854236633053e-01
1.399033566072993007e-01
2.928675466082086287e-01
3.121546303720124094e-01
1.771003148503804414e-01
0.000000000000000000e+00
0.000000000000000000e+00
0.000000000000000000e+00
0.000000000000000000e+00
0.000000000000000000e+00
0.000000000000000000e+00
0.000000000000000000e+00
0.000000000000000000e+00
0.000000000000000000e+00
1.966856846210813560e-03
2.145413679122912080e-03
1.297571672944229093e-01
1.404323997898652143e-01
-1.745070629233030080e-01
-1.318820938333188364e-01
0.000000000000000000e+00
0.000000000000000000e+00
0.000000000000000000e+00
0.000000000000000000e+00
0.000000000000000000e+00
0.000000000000000000e+00
0.000000000000000000e+00
0.000000000000000000e+00
0.000000000000000000e+00
0.000000000000000000e+00
0.000000000000000000e+00
0.000000000000000000e+00
0.000000000000000000e+00
0.000000000000000000e+00
0.000000000000000000e+00
0.000000000000000000e+00
0.000000000000000000e+00
0.000000000000000000e+00
0.000000000000000000e+00
0.000000000000000000e+00
0.000000000000000000e+00
0.000000000000000000e+00
0.000000000000000000e+00
0.000000000000000000e+00
0.000000000000000000e+00
0.000000000000000000e+00
0.000000000000000000e+00
0.000000000000000000e+00
0.000000000000000000e+00
3.936451239712274175e-01
4.615044283492303889e-01
4.767860449275352908e-01
4.927419885681388889e-01
5.089841829685746166e-01
0.000000000000000000e+00
0.000000000000000000e+00
0.000000000000000000e+00
7.284112371595423407e-03
1.762262711006882046e-02
8.699335336093169668e-02
9.404769998682728852e-03
-9.019725792716576374e-02
2.095662877899925544e-02
4.509812493050664728e-02
0.000000000000000000e+00
0.000000000000000000e+00
2.698915642101137324e-01
-1.579077971666845853e-02
-1.670091817440748014e-02
1.631348949530794512e-01
1.564281412674688176e-01
1.636318536529597079e-01
1.859433900930529682e-01
5.792383742134391555e-01
5.117091021377001558e-01
4.785424801183735810e-01
1.903935738989922244e-01
2.993562591081169733e-02
5.580957386641126339e-03
-8.838825370236903789e-02
3.190045399033676621e-02
-4.856459544768818026e-01
-5.176234600198966751e-01
-3.141094529923224576e-01
-2.997743528354566700e-01
1.795925868817690660e-02
3.185189807877659984e-02
1.999528772463836923e-01
2.773733713640953447e-01
5.263861847207950140e-01
7.708459282446711303e-01
7.807490930900102821e-01
6.882680789066848437e-01
7.080307828807036463e-01
8.263809072973140601e-01
9.711431956758714845e-01
9.801786295025414208e-01
1.004020305867632468e+00
1.161455904214416357e+00
1.129055441725676401e+00
1.128586976057090796e+00
1.100636309983458405e+00
1.118592374185901406e+00
1.596386790919393853e-02
0.000000000000000000e+00
0.000000000000000000e+00
0.000000000000000000e+00
0.000000000000000000e+00
0.000000000000000000e+00
0.000000000000000000e+00
0.000000000000000000e+00
3.574525752963693404e-02
3.667836581103628424e-02
1.010907619397750506e-01
1.099696004539982563e-01
1.625951098429445907e-01
8.503862398732354999e-02
6.616103940090088675e-02
6.746065475259614697e-02
1.189340700584433502e-01
1.695055773569168478e-01
2.775566246942312576e-01
4.420207864180917823e-01
3.660994379590991610e-01
1.094479296600670837e-01
1.109887421153153558e-01
8.744853626004342462e-02
8.280322699760669924e-02
6.381064380007871184e-02
1.191899594703755977e-01
2.968910762887276289e-01
4.860624462859987061e-01
4.541301810997609434e-01
3.535068333712373945e-01
3.402328085996905727e-01
3.230503515578868612e-01
2.726478632450454742e-01
2.427193787828806903e-01
1.862407827554781181e-01
1.841795647236645905e-01
1.174120595582693882e-01
1.577414342634786137e-01
2.072371276003575069e-01
2.921061182367719611e-01
3.674587925360551788e-01
3.677996352537996616e-01
3.990451792223840277e-01
4.974177137960910100e-01
5.829173153333746527e-01
7.209806547251271791e-01
7.277084146638785889e-01
7.817077943526716810e-01
0.000000000000000000e+00
0.000000000000000000e+00
0.000000000000000000e+00
3.397343464555792857e-03
0.000000000000000000e+00
6.906433144218906972e-02
6.807634225703192155e-02
3.008520125523642466e-02
-2.313902559334760078e-02
1.527188620571348285e-02
5.619917210222882820e-02
-9.641052084850407948e-04
-1.061217192295198404e-02
5.593858299989746402e-02
8.279265607775997127e-02
1.959839216852111154e-01
1.813703765750903640e-01
-3.373376521531741556e-02
-1.014928822504986700e-01
-9.199095197835949200e-02
9.704006812273829885e-02
1.190195994380244607e-02
1.321920102562151034e-01
2.870068163739825651e-01
1.930300333817102643e-01
8.777123796006273959e-02
1.600909340267417033e-02
-6.317936487923415945e-02
-1.228528440981820347e-01
-1.582489118398764105e-01
-1.608076868632382084e-01
-2.271632002763591118e-01
-2.221370837070805737e-01
-1.164608340255683522e-01
-1.547308369126749183e-01
-1.268349983779246959e-01
-5.456919739200684349e-02
-1.859868956687470154e-02
-7.786090151329591591e-02
-1.352661438263272342e-01
-1.440837719182282983e-01
-1.474181216927865357e-01
-4.841025211001279832e-02
4.020105858067560267e-02
1.630468428384980739e-01
2.547506753180400207e-01
3.879411338874089732e-01
5.254231537220243053e-01
6.462900030791761674e-01
