-1.287491711120653526e-01
3.490876902057753108e-03
3.644190138523944328e-02
1.124306330077861314e-02
1.292849879999842522e-03
8.064698909065750598e-01
1.027779750796177893e+00
9.494060739015229844e-01
1.086027210255654962e+00
1.787034196446184220e+00
1.760804906011331328e+00
1.670275358739150340e+00
5.124124183266060006e-01
1.103908470376950834e+00
1.799562438180253299e+00
1.145691548420454176e+00
2.519441153794132138e+00
2.518005264071149440e+00
3.178760511317821447e+00
3.445715827127428188e+00
4.023301734793583329e+00
3.840819865857310944e+00
4.075616773226109046e+00
4.816434563970894089e+00
3.167201610793257682e+00
3.307124585644610981e+00
3.960937198165916051e+00
4.763604461554652225e+00
5.264266687127987510e+00
3.399361375344672531e+00
5.149296450442840012e+00
4.236646286173793463e+00
5.368308309219030683e+00
6.115713668366005606e+00
3.705153608882293170e+00
4.792917268618693605e+00
4.844229950191998313e+00
5.866208047389394054e+00
5.228216075393297579e+00
4.613700903802401498e+00
5.218324892752454147e+00
6.778030131989004836e+00
5.544466316836657249e+00
7.051838410997113726e+00
5.458089035053036220e+00
6.095153588427842273e+00
6.711348040938895920e+00
5.982848162318666674e+00
7.247414315224783188e+00
0.000000000000000000e+00
-3.330082311576761794e-02
-7.686050706941394139e-02
-4.493714498770264021e-03
-1.461786633054872053e-01
-1.175826695819625900e-01
-2.298568199699166925e-01
-3.159919952694544287e-01
-4.528340983005996745e-01
4.632146308824370423e-02
-3.621681711111880420e-01
3.479623341273190285e-01
-1.661002844989334926e-01
3.837889200566163006e-01
6.412946557254562974e-01
4.460522897531136177e-01
9.881337596330084239e-01
1.226303449788263000e+00
9.786143722309891269e-01
1.371960271013731747e+00
1.013982483732626783e+00
1.263277186300393984e+00
1.643942080841677367e+00
8.900763763476770007e-01
1.803172453824688715e+00
1.371520483040017613e+00
1.602947884022377867e+00
1.312413142767923535e+00
8.226813587820155371e-01
1.518629430747786335e+00
1.053913593881328659e+00
5.227041616042441552e-01
1.606296573706839537e+00
2.098290090534431052e+00
1.123880113938960701e+00
2.140729642744658268e+00
1.112409937707866669e+00
2.269319520178772809e+00
1.933699836999692723e+00
1.051391859673249662e+00
1.357018329595888639e+00
1.071632867610180728e+00
2.059964706922407629e+00
2.711699534777403109e+00
2.115630938915424419e+00
3.247107123194409972e+00
2.290029388195414572e+00
2.370449322972650652e+00
2.341500969365580609e+00
0.000000000000000000e+00
0.000000000000000000e+00
0.000000000000000000e+00
0.000000000000000000e+00
0.000000000000000000e+00
6.518045472518552153e-03
2.966893924352278500e-01
3.395398722490775567e-01
-2.550613768377801849e-01
1.314391594133717200e+00
7.034156854301666373e-01
2.065657449502691367e+00
9.096032748682301161e-01
2.191539973332327751e+00
3.260208276168385044e+00
3.600655674221753255e+00
4.400487097527367553e+00
6.133434570963691712e+00
6.036725953761109764e+00
6.190744862928751147e+00
7.008937348681461010e+00
5.420871846316669185e+00
8.025964884325263782e+00
5.382971335750340813e+00
9.350587347011325434e+00
4.939927892501382090e+00
8.793221447026477122e+00
1.027333446175358134e+01
6.402852914529258754e+00
1.197110011770536353e+01
1.145601613248108031e+01
9.750228880836699474e+00
1.070728779446590373e+01
7.219227571351074957e+00
9.511908923597456322e+00
9.027779372356665277e+00
5.322857533307518985e+00
1.182863799934559879e+01
9.909151291124809191e+00
1.261633472776157383e+01
1.013931827382277895e+01
8.777725458093406985e+00
1.226322578896847126e+01
1.094937548171853514e+01
1.257647578512782793e+01
1.175215720788927243e+01
1.224142021504696132e+01
1.770775461434285702e+01
1.315521947556296034e+01
0.000000000000000000e+00
0.000000000000000000e+00
0.000000000000000000e+00
0.000000000000000000e+00
4.263048392265166714e-03
3.752476852204196522e-02
1.859206698284639539e-02
3.640101547688350259e-01
1.590972659788176258e-01
1.710994316409491234e-01
3.764672638273101613e-01
1.549799929061919324e+00
1.065785238773340859e+00
1.077239512238393537e+00
2.156964344595601712e+00
1.853345418764904329e+00
2.379921865815931792e+00
2.927017848324079630e+00
3.677483490513772768e+00
2.907050942022132212e+00
3.003986403009514472e+00
4.014741952286839499e+00
3.598148034613151580e+00
5.215759703122643920e+00
4.106920922720254552e+00
6.002797688326666936e+00
4.776663139211147602e+00
3.896357397874687489e+00
5.128383311265046096e+00
6.462093860383251176e+00
5.123618128685347273e+00
5.491477497807961683e+00
5.581780905899033307e+00
7.362727218374831573e+00
7.353032743482139644e+00
7.662703932139605989e+00
6.702997759538620315e+00
5.523307293894770709e+00
7.168529084133592910e+00
7.719144758184108390e+00
7.428120882290404126e+00
7.269786366282465551e+00
8.611006340006357007e+00
8.249749243301913282e+00
7.923500621907223262e+00
8.094554608351719693e+00
6.812742796146813440e+00
9.855356728677056921e+00
6.623998266074450747e+00
0.000000000000000000e+00
0.000000000000000000e+00
0.000000000000000000e+00
0.000000000000000000e+00
0.000000000000000000e+00
7.296178878067114196e-03
-4.432521811288888530e-02
8.020972618185624736e-02
1.481809842719727099e-01
3.915114951245223240e-01
6.975951632684526116e-01
7.501237949369594649e-01
8.728522840750223624e-03
8.264818280781510706e-01
2.168519006634968826e-01
6.527783376855135211e-01
3.885732253798092617e-01
8.025565207164568893e-01
1.002155571399605316e+00
7.334170621486717501e-01
3.218321172842280031e-01
-2.113906715116514040e-02
7.904031873711513390e-01
4.584462268375552596e-01
7.609879911158025090e-01
9.630354789510334745e-01
1.474421486924177405e+00
1.171361899774807647e+00
1.906976132471604357e+00
1.105453264170659367e+00
1.508250574741108796e+00
2.519734349372776627e+00
2.085889022970231821e+00
1.609198160855384030e+00
2.553875701632680517e+00
2.474728501619481769e+00
2.552157433254611085e+00
3.464519484434406937e+00
3.518964534720590898e+00
2.953166743188069265e+00
2.829800677305098322e+00
2.176271485414507101e+00
3.158105685532497375e+00
2.902718284268516413e+00
3.825876644929813164e+00
2.938558161777673927e+00
2.716704136376179246e+00
4.307604966904928112e+00
3.031914747097397278e+00
0.000000000000000000e+00
0.000000000000000000e+00
-2.356485590186676582e-01
-2.283720891350064786e-02
1.498376532135364987e-02
5.126275872453828208e-02
5.867280360836400754e-02
2.181837804142467210e-02
2.065143901731710252e-01
-1.400288183260323983e-02
1.790998979631071852e-01
7.999960029552333207e-01
7.923126928342713038e-01
7.367487820794574871e-01
1.034276869891391559e+00
1.362949411579590375e+00
1.671205815988351162e+00
1.280159537932047398e+00
1.044995620668505820e+00
1.840886853663558531e+00
1.461003036151808709e+00
2.005696586109504853e+00
1.870464908683365568e+00
1.858479292170190478e+00
2.239212814942957319e+00
2.283362869188713784e+00
2.122980628525782620e+00
2.376056122131818160e+00
2.695976772430780155e+00
1.954548615700848258e+00
2.766973600076319872e+00
2.833800597624172468e+00
3.062951966242704049e+00
2.814677441529071622e+00
2.992956918639932962e+00
2.217097320264815430e+00
3.167164421485612280e+00
2.324116946955602003e+00
2.644073810291641458e+00
2.622996290555833276e+00
3.360191957747497682e+00
3.535493524579760738e+00
3.383837998942599956e+00
3.405484936229131954e+00
3.287821541056843433e+00
2.687163834016948805e+00
3.564450592915997085e+00
3.797117881842575926e+00
3.544752380819228499e+00
