7.489505230853506050e-03
2.237183294234867947e-02
1.685835334988491224e-02
2.249960853599256017e-01
2.670462469085522206e-01
1.552574093530023347e-01
2.087062697155014357e-01
3.450001711846473751e-01
3.883978253442498252e-01
5.058025505244356790e-01
4.447976689147984386e-01
4.890172460465783688e-01
4.755426328866224073e-01
5.065410322853119984e-01
5.564938304588130658e-01
5.563967440552306520e-01
6.137808004696502229e-01
6.252648553437299972e-01
6.212161743742589115e-01
5.505594896083444434e-01
5.008241554825061392e-01
5.234563347547097623e-01
5.302392469911084705e-01
4.537031995702716647e-01
3.969671041147727619e-01
3.399628710513505347e-01
5.129754697283884779e-01
5.553970128529222006e-01
5.687134352047363839e-01
5.656366786982984785e-01
5.786871810566869279e-01
6.480700608790417316e-01
7.564968703193410970e-01
7.025733532585789476e-01
8.345782009800705170e-01
6.903871150219242914e-01
4.081123331873651727e-01
2.750095344893933591e-01
2.643467585495661298e-01
3.403198321911489743e-01
2.420183486820395857e-01
2.537497547931526487e-01
2.195126347057096416e-01
2.166291642340292256e-01
2.670107438449135784e-01
2.745742163268185543e-01
2.370649774445316715e-01
2.464512899590018125e-01
2.355466852577216830e-01
