0.000000000000000000e+00
0.000000000000000000e+00
-2.771945896217590036e-02
6.120741070722419963e-03
1.795042397332991257e-01
5.150458372625484893e-01
1.033536929369480939e+00
3.109038580057338130e+00
1.719497051929077758e+00
1.302514403827635503e+00
1.932663602273268166e+00
1.479823590184571325e+00
1.899535831083152493e+00
2.942488621782892722e+00
3.040859768623664916e+00
4.455651127810389411e+00
5.545534573109671683e+00
5.225292569989282931e+00
4.666699801583154894e+00
5.213495626298334962e+00
6.964651490219292640e+00
5.716687632601169078e+00
4.669289354393095337e+00
7.083985452941386818e+00
6.218365403558213877e+00
8.737688347272415612e+00
9.102184823333059782e+00
8.072158690765922628e+00
9.925340906190822210e+00
8.755130118512242987e+00
9.593327622253305265e+00
8.347881624095832009e+00
1.118455949637037783e+01
1.140524299477154102e+01
1.023380683701176075e+01
1.061916622991709680e+01
9.709765966961155570e+00
8.902964808298644783e+00
9.878249570120214429e+00
1.240170708712485492e+01
1.022180973532535653e+01
1.093321730402997183e+01
1.197903219366551753e+01
1.314573270820795159e+01
1.069091706899325445e+01
1.481552215069652512e+01
1.412280344736538673e+01
1.232169769409207838e+01
1.546900245916178207e+01
0.000000000000000000e+00
0.000000000000000000e+00
9.226805248207713139e-02
-9.991296354932234502e-02
-1.495924732843892657e-01
1.986520236443900245e-01
1.877971982361593128e-01
7.522648605332391547e-01
1.136966518040436025e+00
8.583809890502079876e-01
2.016386670844138695e+00
1.673640324428860460e+00
1.141294705671989762e+00
1.262161587795536999e+00
1.860734012588928232e+00
1.664227660820483123e+00
1.710283692934726263e+00
2.516489346108513381e+00
1.731468587108918600e+00
1.538719810863901971e+00
1.208577590732136775e+00
2.254087262805481995e+00
2.504694432498584256e+00
1.801656401046823897e+00
2.672415151629398355e+00
3.818031950016023579e+00
3.922663150782626396e+00
3.818233666077138100e+00
2.682074653680861953e+00
4.324794793494689316e+00
3.457512041926826818e+00
3.802717056769110204e+00
3.927808840977032645e+00
4.561022174797605189e+00
3.868592087078758013e+00
4.391946251493735964e+00
4.974354288496734888e+00
5.305609835701337040e+00
5.292752696357902131e+00
4.648574507330665462e+00
6.274081693853089448e+00
5.967228503416900587e+00
7.267841689737450039e+00
6.348551699485244448e+00
6.522802461516151062e+00
8.123996445772156960e+00
8.300240279872863169e+00
6.765583270855200837e+00
8.254606348241374292e+00
0.000000000000000000e+00
0.000000000000000000e+00
2.800082573101702818e-02
0.000000000000000000e+00
4.589143078212490345e-02
1.926150688847185766e-01
1.621569386852405037e+00
8.135803047655921771e-01
1.035587460183883479e+00
4.162091974397146843e-01
2.970021571253306458e+00
4.427292832703932923e+00
6.223833118689414690e+00
4.432077779264656847e+00
6.103943230792039820e+00
3.708079489626182390e+00
9.968493340563554739e+00
5.649526168478946175e+00
4.803796992755947848e+00
4.862176878674551617e+00
9.127652500222040999e+00
8.153251203074983522e+00
7.512521413693749928e+00
8.608526501816001542e+00
1.475928740424554420e+01
1.424087541835782034e+01
1.329662140039636320e+01
1.622762139225994815e+01
1.326299081725539253e+01
1.229707222905791753e+01
1.455708992671426394e+01
1.576850438874709504e+01
1.784756251439161190e+01
1.280176950151865078e+01
1.647606279706907983e+01
1.893930684370922535e+01
1.906200754135127795e+01
2.283607359809006354e+01
1.846873944547135338e+01
2.389854072297577048e+01
2.275060790767368246e+01
2.361797337088636795e+01
1.888836560349481530e+01
2.247133254972894889e+01
1.918460482912686516e+01
2.000249142953050452e+01
2.919287691791040373e+01
2.121175144002013724e+01
2.786869966010139166e+01
0.000000000000000000e+00
0.000000000000000000e+00
0.000000000000000000e+00
-1.523690000830882092e-03
-5.940667253820270527e-03
-4.344161225417873112e-02
1.634523082676281325e-01
1.662859872193955257e-01
4.569047400246761814e-01
4.542607641288137765e-01
9.643422078601450176e-01
1.243867723142950132e-01
8.515417107269890318e-01
1.380885494236069322e+00
2.146393518314107407e+00
3.786159632760353055e+00
3.740800972775734756e+00
5.264110748556261044e+00
5.854269409164595039e+00
2.473481552637333269e+00
7.946518118051587365e+00
7.175064893442819169e+00
7.402667293640742940e+00
8.122506973736744129e+00
5.753568435004440929e+00
7.136350842074739020e+00
9.225116076356467687e+00
9.075155263676396800e+00
9.165426050447218032e+00
9.155862237921946090e+00
1.292994912643697170e+01
8.563884098235492459e+00
1.031668170008634533e+01
1.430645464068992290e+01
8.119417936350968645e+00
1.157657523936376087e+01
1.446870128625056751e+01
8.121353020908502529e+00
1.078944713057447657e+01
1.156901148025483295e+01
1.294365933850284200e+01
1.186205511581993832e+01
1.775681553383508415e+01
1.370968960698887074e+01
1.183453595142982984e+01
1.455721314419945500e+01
1.953779977618474817e+01
1.382784086468259410e+01
1.316892290815182598e+01
0.000000000000000000e+00
0.000000000000000000e+00
0.000000000000000000e+00
0.000000000000000000e+00
0.000000000000000000e+00
0.000000000000000000e+00
5.523265875413170545e-02
9.022901338724899356e-02
1.310588691767056446e-01
4.318353082816081545e-01
3.246417940104770472e-01
7.466275876759878027e-01
4.326130757220522649e-01
1.556665488162652045e+00
2.746355823044780653e+00
1.358067520737370470e+00
2.858369541794412161e+00
3.457249982650689724e+00
3.226582006139249614e+00
2.816852872528545326e+00
3.391725132229229445e+00
2.843205798356466474e+00
4.200856059466022252e+00
2.510051259830707870e+00
4.612291328702585957e+00
4.226162918517370137e+00
4.969185907452489559e+00
3.732139628816427468e+00
4.884764248007631871e+00
4.047375347233653109e+00
5.254677409020446888e+00
3.583735656757071286e+00
6.249942750721552365e+00
4.019738169775155967e+00
5.173928796781995132e+00
4.864756778631509349e+00
5.847127938455503049e+00
5.895169160318531887e+00
5.510782743220246083e+00
5.700600505541078000e+00
5.958646425389391155e+00
6.327476160882302914e+00
6.826415278536432041e+00
6.601402196865589822e+00
6.229692128590635036e+00
6.437157647355904899e+00
7.555410997942760609e+00
6.582497131938517043e+00
7.208144960215270736e+00
0.000000000000000000e+00
0.000000000000000000e+00
0.000000000000000000e+00
3.397343464555792857e-03
4.350095418430088151e-02
4.373285838306790498e-03
-4.591314698268149364e-02
1.389089656341531420e-01
7.382037487367437700e-02
3.006314776007556477e-01
4.017189400491665840e-01
5.009335881954377623e-01
9.882217072822014892e-01
1.153540665008945476e+00
1.126260701007310017e+00
1.103224457552901772e+00
1.676194904759407578e+00
1.496461371988538902e+00
2.373391834595594219e+00
1.798309041576880540e+00
2.020096742838044079e+00
2.248653730377900839e+00
2.462362392913617359e+00
2.965357777028938546e+00
2.540397719496432671e+00
1.585287191439778809e+00
2.640419889921896690e+00
2.817918672705999938e+00
3.309515786708674412e+00
2.669009373883791447e+00
2.950110213217608468e+00
2.962366051927431965e+00
3.878934446783406820e+00
3.112520059347172019e+00
4.174005430595419952e+00
4.322487623055212502e+00
4.905563699999111016e+00
4.620630656308211570e+00
3.599639175701500715e+00
4.665029310216201708e+00
5.454893896992425439e+00
5.273259237949393885e+00
4.774116668763705107e+00
4.812968072920693174e+00
4.793624755378863789e+00
5.001177312169723166e+00
6.692690000238974868e+00
5.972663426520320229e+00
5.972690052484841416e+00
