0.000000000000000000e+00
0.000000000000000000e+00
0.000000000000000000e+00
4.613694725616436509e-02
4.381374251115863205e-02
4.549051645261979748e-02
3.280369475036046256e-01
2.891744122472806322e-01
2.974974959753248216e-01
2.453811929968532091e-01
2.459750964357918790e-01
3.446037196137152203e-01
6.808460309367914132e-02
-6.991397887124947176e-03
5.354241194078165900e-02
5.471015097384085424e-02
4.342649741740486902e-02
1.509113413130611092e-01
2.201404718059506438e-01
3.084600193380160338e-01
1.667083350620846838e-01
2.511284102361212578e-01
2.042490999731551016e-01
3.162252446787286453e-01
4.292082263316137070e-01
5.247892927678626807e-01
3.123498202463853568e-01
3.011202780862271000e-01
2.622899760132245683e-01
9.838150683874058444e-02
-8.656964546649405234e-02
-8.796784101819309087e-02
-1.759824336930564392e-01
-1.072257923620936471e-01
-1.835779855306181318e-01
-1.732449126428340092e-01
-1.050804408134903001e-01
-2.760906185867364471e-01
-2.804514128025976660e-01
-2.847700215613626074e-01
-2.892056419519601351e-01
-2.936708841593619335e-01
-2.837527315455440902e-01
-2.459412887110341561e-01
-2.157739381508415322e-01
-1.888164084854432323e-01
-1.212526037360175668e-01
-1.752478922229400715e-01
-9.726370277226106809e-02
5.424590423383215607e-03
-2.839894956893860428e-02
1.685835334988491224e-02
2.507598547222469332e-01
2.550421474755158457e-01
3.763616843347566965e-01
1.046031384090229249e-01
1.010103498251247178e-01
6.539236131780430672e-02
5.968293378318852843e-02
9.938201154064357778e-02
2.180926590438385382e-01
9.949103723009984634e-02
2.886898160608755010e-02
1.533625197559710697e-02
3.626031318840780646e-03
3.673093685477335588e-03
3.717465594712377093e-03
3.760178672515980709e-03
2.909949503335146001e-02
3.087504762211713133e-02
9.577129490932520528e-02
1.864516310096384910e-01
1.002142815597839576e-01
9.328393835127483935e-02
8.978395733495857234e-02
1.357296333898630469e-01
9.022098166519645912e-02
7.412080465974403565e-02
7.434138786647188912e-02
5.136967582740688959e-02
-3.344569498972507077e-02
-5.670834984598647002e-03
-1.625638280824787466e-02
5.144870874682661542e-03
4.034595285577372709e-02
1.128417703335875544e-01
1.661883453214562656e-01
1.834993317678066671e-01
1.919535233732927448e-01
1.794125044353777065e-01
1.246073464658279117e-01
2.418139863388994171e-01
4.553265344118745395e-01
4.603917178478523775e-01
4.433950285921844925e-01
4.471105169171344929e-01
4.452798408700084365e-01
5.901527620319531042e-01
0.000000000000000000e+00
0.000000000000000000e+00
0.000000000000000000e+00
0.000000000000000000e+00
0.000000000000000000e+00
0.000000000000000000e+00
0.000000000000000000e+00
6.092030693284745252e-02
6.631526471744206286e-02
7.273300800534082677e-02
7.736043147316760960e-02
8.244904160343916044e-02
8.786229221497006414e-02
9.248816800951517592e-02
9.755509074905872879e-02
9.004671708089662108e-02
0.000000000000000000e+00
0.000000000000000000e+00
0.000000000000000000e+00
0.000000000000000000e+00
0.000000000000000000e+00
0.000000000000000000e+00
0.000000000000000000e+00
0.000000000000000000e+00
0.000000000000000000e+00
0.000000000000000000e+00
0.000000000000000000e+00
2.184102666830961825e-01
2.262075413772837162e-01
2.343724002629384850e-01
2.426152889660073420e-01
1.906882075671855192e-01
1.391167438337440887e-01
1.434640737483614537e-01
1.480177212635055972e-01
1.527845309336740287e-01
1.578169160953149242e-01
1.631745462297423122e-01
1.686966829834462556e-01
4.484851875858724551e-02
-9.967827190412607841e-03
-1.030455427503545497e-02
-1.064988342449502481e-02
-1.099435511900929453e-02
-1.140790922819540781e-02
-1.179467558801323632e-02
-1.216897959818652453e-02
-1.256476564606300202e-02
-1.158385738178461036e-02
2.840763829301526724e-02
0.000000000000000000e+00
0.000000000000000000e+00
0.000000000000000000e+00
0.000000000000000000e+00
0.000000000000000000e+00
0.000000000000000000e+00
0.000000000000000000e+00
0.000000000000000000e+00
5.478434716060073123e-02
7.933472746108036211e-02
8.228592298939099714e-02
2.218795749708468157e-01
8.820463668071594487e-02
1.413647708708261896e-01
1.829858716050858647e-01
1.672561261760448226e-01
-8.477187743576009016e-02
-1.375533680974051209e-01
-1.303693586845708352e-01
1.817535723356018817e-02
6.725808809837593993e-02
-1.706488429718888353e-02
-1.363611481794135827e-01
9.105983182385120247e-04
1.269473380022252407e-01
2.269402296228225646e-01
4.497349733235032065e-01
4.605180000819733555e-01
4.758178312268560028e-01
3.407210949891846252e-01
3.049406546342242619e-01
2.599284205730406083e-01
1.815196093742768302e-01
1.038219989600421278e-01
3.135393849982254927e-02
2.141102845048918624e-02
7.566616100503981146e-02
6.094887236877174347e-02
3.656471321964217119e-02
3.726459081563273518e-02
6.169533173164762352e-02
2.896556031323184455e-02
-5.230991703529420250e-02
-1.304784547611369805e-01
-2.120188163941006121e-01
-3.173877668404043728e-01
-3.297174399149810919e-01
-3.253237629641750339e-01
0.000000000000000000e+00
0.000000000000000000e+00
0.000000000000000000e+00
0.000000000000000000e+00
0.000000000000000000e+00
0.000000000000000000e+00
1.955683712946447092e-02
8.576782963251611269e-02
1.239122705724249457e-01
2.380677562953778525e-01
2.410747480768909989e-01
2.514139861570337531e-01
3.141413545947157049e-01
2.127660016297797663e-01
2.256943725378086907e-01
1.887560643028023954e-01
2.329655963855353229e-01
2.138660810196272577e-01
1.502464600072113132e-01
8.253327655332677593e-02
5.623897197366683337e-02
1.024966550534841397e-01
9.873365218808431709e-02
1.087842972016386522e-01
1.148695869664338037e-01
1.631701610817536674e-01
2.584322951116775346e-01
1.186356674232097869e-01
1.199121906391668185e-01
1.536297707122685208e-01
1.787036044846442018e-01
1.805061230895170510e-01
1.823792775368101027e-01
2.024446464189737505e-01
3.151654840727714513e-01
1.577525360949305622e-01
1.922827806030662501e-01
-5.047267739537426162e-02
-8.198527223540695574e-02
-1.870341482211757000e-01
-3.227251783259654783e-01
-3.873499231146531607e-01
-4.184170852977440735e-01
-3.772591021843424430e-01
-3.492749914376748754e-01
-3.361539213115672942e-01
-3.389023545316666719e-01
-3.142234024275074589e-01
-2.712822678860271064e-01
0.000000000000000000e+00
3.091594527137319498e-02
-1.314272127738196350e-01
-2.788127675645665077e-02
1.756175174137713721e-02
1.420877363044670966e-02
2.025259753165098171e-03
3.226978019221363875e-02
4.299778990952539404e-02
4.127400774150073032e-02
4.518625986157551871e-02
1.157194122437423950e-01
5.324131300226307012e-02
1.750054751166564837e-01
2.073323731687821136e-01
2.353994560754481824e-01
2.386510665141097220e-01
2.736799488608040454e-01
3.224668604698944785e-01
2.672587275327139578e-01
2.427308468948043974e-01
2.095499042066991668e-01
3.459301154077727425e-01
1.256110667084733012e-01
1.223113098633791113e-01
2.111340301077362924e-01
1.395266302418345095e-01
2.062990668936407479e-01
2.329899091113795950e-01
2.510288499826208719e-01
2.461532834622898458e-01
3.434783190692746735e-01
4.172680509213329003e-01
4.735308593447379311e-01
4.720383559324231593e-01
4.998752744647442237e-01
5.868722694889948466e-01
5.893672952247246410e-01
6.583629920758646836e-01
7.199647457344700019e-01
7.166318383673634385e-01
5.087282210212478173e-01
4.381859241945833539e-01
4.293682836536663605e-01
4.816754553688431528e-01
4.271843381842717058e-01
3.696193765399510278e-01
3.425657912376553482e-01
4.228988894130099041e-01
