0.000000000000000000e+00
2.683930500947163261e-02
2.703782775457773124e-01
1.328669967190192203e-01
1.153467933601198814e-01
7.104682267508205529e-02
3.745931671249003725e-01
7.633545103397293419e-02
2.049069620344607101e-01
5.199270269413005519e-01
5.420688757713283401e-01
6.032074361581837296e-01
5.474727196713755628e-01
7.070403648238503536e-01
4.074605098866952990e-01
4.450817606497420864e-01
7.537148896493784944e-01
9.347588022351676074e-01
8.798330048936178205e-01
9.041394013299461907e-01
9.290737459426853251e-01
9.750006177121298689e-01
1.089896496637442702e+00
1.004737713276952604e+00
1.027862719544486936e+00
1.218526487533951430e+00
1.207659961381009062e+00
1.175814370899266104e+00
1.200360846167181972e+00
1.131617548075449120e+00
1.091159076641325276e+00
1.108545897738111963e+00
1.121930361025290424e+00
1.162562671591164110e+00
1.202814731996083575e+00
1.279101733750822589e+00
1.308578912126585836e+00
1.204719215243811981e+00
1.204557701259415747e+00
1.220433051394456792e+00
1.224873695322805434e+00
1.218163210083872405e+00
1.179141865489127916e+00
1.203975450844992690e+00
1.239534735858024428e+00
1.234357490312860239e+00
1.228402003909425000e+00
1.253092142550314536e+00
1.283240797474129558e+00
