0.000000000000000000e+00
3.490876902057753108e-03
3.644190138523944328e-02
1.124306330077861314e-02
1.498376532135364987e-02
8.064698909065750598e-01
1.027779750796177893e+00
9.494060739015229844e-01
1.086027210255654962e+00
1.787034196446184220e+00
1.760804906011331328e+00
2.065657449502691367e+00
1.065785238773340859e+00
2.191539973332327751e+00
3.260208276168385044e+00
3.600655674221753255e+00
4.400487097527367553e+00
6.133434570963691712e+00
6.036725953761109764e+00
6.190744862928751147e+00
7.008937348681461010e+00
5.420871846316669185e+00
8.025964884325263782e+00
5.382971335750340813e+00
9.350587347011325434e+00
6.002797688326666936e+00
8.793221447026477122e+00
1.027333446175358134e+01
6.402852914529258754e+00
1.197110011770536353e+01
1.145601613248108031e+01
9.750228880836699474e+00
1.070728779446590373e+01
7.362727218374831573e+00
9.511908923597456322e+00
9.027779372356665277e+00
6.702997759538620315e+00
1.182863799934559879e+01
9.909151291124809191e+00
1.261633472776157383e+01
1.013931827382277895e+01
8.777725458093406985e+00
1.226322578896847126e+01
1.094937548171853514e+01
1.257647578512782793e+01
1.175215720788927243e+01
1.224142021504696132e+01
1.770775461434285702e+01
1.315521947556296034e+01
