0.000000000000000000e+00
3.490876902057753108e-03
3.821279934801078554e-02
8.891376062884991105e-02
3.867143562420806702e-01
2.486200649888032632e-01
1.070313368039573998e+00
1.231732083270071332e+00
5.963879941327961953e-01
8.609106262574571788e-01
1.062712069181713792e+00
2.014370821140472056e+00
3.724072273114590992e+00
3.573753805327834598e+00
4.012725474741119847e+00
5.985237543745761890e+00
9.283713183379521894e+00
4.346596026906963672e+00
1.067498887873634494e+01
5.643849940662366116e+00
8.085866780305710932e+00
1.003583602714750356e+01
1.014560332331802606e+01
8.611738106663651138e+00
1.593050827290577764e+01
1.463196717247676126e+01
1.388636896980393942e+01
1.622960428264483568e+01
1.945767940284403252e+01
1.542804994840973976e+01
1.634321322383816266e+01
1.036370631156843380e+01
1.701382398589153055e+01
1.545571988578795875e+01
2.207375390125974235e+01
1.838540502363600382e+01
2.081300343198537917e+01
1.648944730552097226e+01
2.040765636030167229e+01
1.929043206252615406e+01
2.351237170246579922e+01
2.314732773788662712e+01
2.546250614209879970e+01
2.782496661190877418e+01
2.461802076204736522e+01
2.225484733829481243e+01
2.307129824686662189e+01
2.718094037019762155e+01
2.642377337480525412e+01
