1.596386790919393853e-02
1.256378373082460073e-02
1.447427670495997631e-01
1.645168115857092161e-01
1.853300857155905368e-01
8.699335336093169668e-02
1.487928742084623501e-01
2.364074640576432906e-01
2.514556760146953729e-01
3.181496381647492266e-01
1.216921462054724457e-01
3.836953459111180909e-01
5.236987224182740874e-01
2.493058886779556393e-01
1.372315984624164487e-01
1.959839216852111154e-01
5.779005411385620405e-01
6.141629000037266417e-01
7.815428652108077356e-01
7.818728464389597121e-01
7.011529890207237603e-01
6.037974641562271483e-01
3.361327706873017407e-01
2.870068163739825651e-01
2.559527564865488602e-01
2.131053519170465760e-01
1.191899594703755977e-01
2.968910762887276289e-01
4.860624462859987061e-01
4.541301810997609434e-01
3.535068333712373945e-01
3.402328085996905727e-01
3.230503515578868612e-01
2.726478632450454742e-01
2.773733713640953447e-01
5.263861847207950140e-01
7.708459282446711303e-01
7.807490930900102821e-01
6.882680789066848437e-01
7.080307828807036463e-01
8.263809072973140601e-01
9.711431956758714845e-01
9.801786295025414208e-01
1.004020305867632468e+00
1.161455904214416357e+00
1.129055441725676401e+00
1.128586976057090796e+00
1.100636309983458405e+00
1.118592374185901406e+00
