0.000000000000000000e+00
0.000000000000000000e+00
1.132628370750672908e-01
6.487056741040859720e-01
3.053667213122647772e-01
-2.167921674292760670e-01
2.077828394711697235e-03
5.442388937696610030e-02
1.585484099035536221e-01
4.918421753883222558e-01
4.608140984292954379e-01
4.663653005040940824e-01
4.988829153774284042e-01
2.517591457508991382e-01
1.378541986321236423e-01
-2.948910099299856258e-02
2.636785322289840749e-01
4.098235251170286308e-01
3.032882369896996444e-01
3.116669225831528167e-01
3.202620689075421634e-01
3.291173981758474532e-01
5.996200766909411950e-01
8.023226837665129452e-01
8.565668440768672287e-01
7.547435468166499017e-01
8.728666902828511320e-01
8.048433436239368355e-01
7.281218486834021286e-01
6.435852549061684691e-01
4.796588551700499692e-01
1.411030120866530457e-01
9.957423444115942601e-02
1.017172526797724824e-01
1.922891651976517680e-01
1.956914871818951907e-01
3.701161748196414303e-01
3.339357612404619258e-01
1.520456599252257013e-01
1.160192193717803355e-01
1.185018890108705397e-01
1.448981874137242054e-01
1.171561312236459179e-01
1.216400714028868235e-01
2.456606702343414050e-01
3.468804948208772942e-01
3.388402834132593910e-01
4.109414613173940634e-01
8.432889939345100672e-01
0.000000000000000000e+00
4.522046791748757753e-03
0.000000000000000000e+00
0.000000000000000000e+00
9.623455705558515635e-03
1.835046366354077529e-01
1.929518139755883599e-01
2.324568917905664722e-01
2.397613106609181033e-01
3.674404314613513578e-01
3.755185686800812106e-01
4.311292500359578672e-01
4.123470343233927027e-01
3.684655201739729935e-01
1.501915209940347107e-01
1.527626301548798693e-01
1.862762254253446936e-01
-1.184418515931180971e-01
-8.382604773805815701e-02
-1.783394381938327722e-01
-1.970585005868395190e-01
-5.696265432134294676e-02
2.232853397262013137e-02
-9.061351160913701241e-03
-9.284583024843909294e-02
-5.580429062861597123e-02
-5.102245848497338754e-02
4.616327328170893168e-02
2.049405891999277890e-02
1.504257007026515297e-02
-6.278398716743154029e-02
-5.193742423507224926e-02
2.169770513328455382e-03
8.499224144017868479e-03
2.140052748611781519e-02
5.843075303458278302e-02
1.106965073753226475e-01
3.486998276850081235e-01
3.631022839365571908e-01
2.548571066499962789e-01
2.847969004229665146e-01
2.250288821237614034e-01
2.989602367916679992e-01
3.291224621798816141e-01
3.938370207386998056e-01
6.542210120714008204e-01
7.090332039617462945e-01
8.666406747000769961e-01
7.768175661081584416e-01
0.000000000000000000e+00
0.000000000000000000e+00
0.000000000000000000e+00
0.000000000000000000e+00
0.000000000000000000e+00
0.000000000000000000e+00
0.000000000000000000e+00
0.000000000000000000e+00
0.000000000000000000e+00
1.120213251460167453e-01
1.218709121042176879e-01
1.332568497792243623e-01
-5.658111282282695526e-02
-6.018029835053080590e-02
-5.799557204263006832e-02
-6.169274402514893230e-02
-2.410571220373276813e-01
-2.572028475300743855e-01
-2.744484479830563428e-01
-1.100234885400061535e-01
0.000000000000000000e+00
0.000000000000000000e+00
0.000000000000000000e+00
0.000000000000000000e+00
0.000000000000000000e+00
0.000000000000000000e+00
0.000000000000000000e+00
0.000000000000000000e+00
0.000000000000000000e+00
0.000000000000000000e+00
0.000000000000000000e+00
0.000000000000000000e+00
0.000000000000000000e+00
0.000000000000000000e+00
0.000000000000000000e+00
0.000000000000000000e+00
0.000000000000000000e+00
0.000000000000000000e+00
0.000000000000000000e+00
0.000000000000000000e+00
0.000000000000000000e+00
0.000000000000000000e+00
0.000000000000000000e+00
0.000000000000000000e+00
0.000000000000000000e+00
0.000000000000000000e+00
0.000000000000000000e+00
0.000000000000000000e+00
0.000000000000000000e+00
0.000000000000000000e+00
0.000000000000000000e+00
0.000000000000000000e+00
1.702707136498225835e-03
1.876051976799926425e-03
2.072148631662991229e-03
9.769355557328311289e-05
1.068515261558980093e-04
1.155038376211255720e-04
0.000000000000000000e+00
0.000000000000000000e+00
3.074180414567652744e-02
3.212173706275284202e-02
-1.335137173462025983e-01
-1.395973365146014888e-01
-1.454606252185382254e-01
-1.448824957428828109e-01
-5.658349650138416731e-02
1.278058721147355909e-03
1.327167318144591591e-03
-8.370447368331934701e-02
0.000000000000000000e+00
4.891323970037818325e-02
1.799069985297640784e-01
1.850335543729193788e-01
-4.583871318389498573e-02
2.561120306568970620e-02
4.937903727643243312e-02
7.358045565008465572e-02
2.269993134555538805e-01
2.609846320214254112e-01
2.092558440730729954e-02
-7.285882121928666418e-03
-1.327420437565229039e-01
-2.018094845775375290e-01
-4.013970559170321750e-01
-4.100677259274338460e-01
-4.184628456676163233e-01
-4.270809653650975979e-01
-4.515519267057920283e-01
-4.847740612814452343e-01
-3.665134510094931741e-01
-5.489008568917972397e-01
-5.847740489678615594e-01
-5.962351538260177719e-01
-5.840708799865023115e-01
-4.952059373171751044e-01
-4.303436147348842500e-01
-2.224738317388815778e-01
0.000000000000000000e+00
0.000000000000000000e+00
2.448774845515819532e-01
1.328669967190192203e-01
1.153467933601198814e-01
2.432757249595416532e-02
3.698406844201724414e-02
5.167663795236102087e-02
3.201510490501511402e-02
7.795032218201174146e-02
1.007982120503409934e-01
1.352966127981697075e-01
4.403438704016835459e-01
4.358428705769312739e-01
2.007304604100942080e-01
9.291669528496826480e-02
7.956127473183256804e-02
9.320033020881741959e-02
9.354671623430436955e-02
1.343699994538305187e-01
-7.595854998378957779e-02
-6.675592935508685433e-02
8.881970167393619248e-03
4.304556497219937279e-03
1.219735813944752140e-02
3.490150112985299091e-02
1.117451599727173339e-01
2.337525601028379307e-01
3.139890405816568864e-01
4.452389544753204698e-01
4.929772721984395645e-01
5.785579014580617407e-01
6.926511050721069207e-01
8.032366024458257314e-01
8.233872105698561983e-01
7.223091932367073920e-01
7.486316216864782325e-01
7.805743509531433144e-01
8.132409636057315039e-01
8.677255501897737089e-01
8.777634268331977463e-01
9.070142163856548256e-01
9.924734838369623224e-01
9.735680630541723168e-01
9.845435529812074371e-01
9.932278209255034351e-01
9.726526264224779617e-01
9.823057342939397474e-01
9.575596134781738655e-01
0.000000000000000000e+00
0.000000000000000000e+00
0.000000000000000000e+00
0.000000000000000000e+00
8.317053195168155541e-03
0.000000000000000000e+00
0.000000000000000000e+00
1.676112511619312628e-02
1.770602880251328018e-02
2.537728926043814059e-01
2.663571622985398957e-01
4.772739178511594127e-01
6.580920870403264011e-01
3.174197252943269931e-01
-1.856525585777215048e-01
-5.544222436657209041e-01
-5.812962083112441780e-01
-6.001860760553865415e-01
-6.201766145744832537e-01
-2.366959969850116474e-01
6.005042633112693540e-02
1.740719838662968810e-01
5.089488275221757396e-01
5.262063551519228222e-01
5.185674710148574507e-01
5.308785212507067808e-01
3.461531555068929622e-01
5.595343286637507463e-01
5.689420971126233351e-01
5.812599671041640548e-01
5.114897092790413602e-01
4.075370401930144548e-01
3.177969685893138885e-01
2.553850503745106471e-01
1.778629515744555023e-01
1.468485441878928377e-01
1.226655154056719710e-01
5.292261627756985470e-02
-2.903443607966997922e-02
-2.232577763474549448e-01
-2.956021624414545967e-01
-2.224206239091077175e-01
-4.307980882266462253e-01
-5.658516046050229287e-01
-5.596601074575767720e-01
-6.390174408859157218e-01
-4.798814314482434118e-01
-2.620429855422865550e-01
-2.279270471765287021e-01
