2.840763829301526724e-02
3.091594527137319498e-02
1.685835334988491224e-02
2.507598547222469332e-01
2.550421474755158457e-01
3.763616843347566965e-01
3.280369475036046256e-01
2.891744122472806322e-01
2.974974959753248216e-01
2.453811929968532091e-01
2.459750964357918790e-01
3.446037196137152203e-01
3.141413545947157049e-01
2.127660016297797663e-01
2.256943725378086907e-01
2.353994560754481824e-01
2.386510665141097220e-01
2.736799488608040454e-01
3.224668604698944785e-01
3.084600193380160338e-01
2.427308468948043974e-01
2.511284102361212578e-01
3.459301154077727425e-01
3.162252446787286453e-01
4.292082263316137070e-01
5.247892927678626807e-01
3.123498202463853568e-01
4.497349733235032065e-01
4.605180000819733555e-01
4.758178312268560028e-01
3.407210949891846252e-01
3.434783190692746735e-01
4.172680509213329003e-01
4.735308593447379311e-01
4.720383559324231593e-01
4.998752744647442237e-01
5.868722694889948466e-01
5.893672952247246410e-01
6.583629920758646836e-01
7.199647457344700019e-01
7.166318383673634385e-01
5.087282210212478173e-01
4.381859241945833539e-01
4.553265344118745395e-01
4.816754553688431528e-01
4.433950285921844925e-01
4.471105169171344929e-01
4.452798408700084365e-01
5.901527620319531042e-01
