-1.287491711120653526e-01
3.490876902057753108e-03
3.821279934801078554e-02
8.891376062884991105e-02
3.867143562420806702e-01
2.486200649888032632e-01
1.070313368039573998e+00
1.231732083270071332e+00
1.248009498784080906e-01
4.196938451694928740e-01
8.609299789519332391e-01
3.447163319568176121e-01
2.426024205775182185e+00
3.226332632386310628e+00
1.779801206123660107e+00
2.436419442352121489e+00
2.991773960173548463e+00
3.227417604637019544e+00
3.768950527988295995e+00
2.080663210071098668e+00
4.846068815558910892e+00
3.793667952766305085e+00
5.221647773513392821e+00
4.717416697780767443e+00
5.231286643404536640e+00
4.442497737579033767e+00
4.895832320414475802e+00
5.566392499516104486e+00
5.144716207221689430e+00
4.750920990611608552e+00
7.485074200649386889e+00
7.988149843682015749e+00
7.795734321696780711e+00
6.557192422653581154e+00
5.975305762502519435e+00
8.343672642531107186e+00
8.336891404209401557e+00
6.886865711374583476e+00
7.110215634154267939e+00
7.460651934091398374e+00
7.806726277176971429e+00
7.113981649266875706e+00
8.084277430031070466e+00
8.856960461450773536e+00
8.465109652898894055e+00
8.664033980954975789e+00
9.153580174762899091e+00
9.303409444359646230e+00
9.666261633012144472e+00
0.000000000000000000e+00
-3.739450502965408624e-02
-7.483768999140720524e-02
2.566207307779394022e-03
-2.550251810389872476e-01
-1.698506545633157450e-01
-3.662200179483877105e-01
-4.806100249814368452e-01
-2.243502130312828857e-01
1.917019208283146370e-01
-7.485093777077930777e-02
3.923918869735241732e-01
7.158551480859933758e-01
6.927180217083598324e-01
5.575516283070059975e-01
1.539075036777068473e+00
9.816754008620053318e-01
1.129822751269348835e+00
1.368821498708138851e+00
1.605837981039452744e+00
1.971849928677176012e+00
8.969512320836642294e-01
6.622873194993469381e-01
9.456354348246565067e-01
1.423028662697077618e+00
1.691946546418328090e+00
7.594288242096020047e-01
1.837304375757130348e+00
1.740638123557504802e+00
1.850014352645572568e+00
1.448718151965906475e+00
1.921425797685084591e+00
1.591941348595000916e+00
1.537585744122704323e+00
1.292842102341968280e+00
1.913017502655026458e+00
2.077186242142758044e+00
2.768445793228972551e+00
1.971828793406772640e+00
2.400195962131932426e+00
1.705992103683333427e+00
1.759167362671603785e+00
3.582008721452865974e+00
3.749075464403629265e+00
3.349910060816317703e+00
2.875516502522520224e+00
3.867900734635174587e+00
3.477162844136082231e+00
3.934221466907451781e+00
0.000000000000000000e+00
0.000000000000000000e+00
0.000000000000000000e+00
0.000000000000000000e+00
0.000000000000000000e+00
6.518045472518552153e-03
9.344367435478538597e-02
2.895649847658182119e-01
-2.668823886146693899e-02
3.596874257255496254e-01
9.973820797912656966e-01
2.014370821140472056e+00
3.724072273114590992e+00
3.573753805327834598e+00
4.012725474741119847e+00
5.985237543745761890e+00
9.283713183379521894e+00
4.346596026906963672e+00
1.067498887873634494e+01
5.643849940662366116e+00
8.085866780305710932e+00
1.003583602714750356e+01
1.014560332331802606e+01
8.611738106663651138e+00
1.593050827290577764e+01
1.463196717247676126e+01
1.388636896980393942e+01
1.622960428264483568e+01
1.945767940284403252e+01
1.542804994840973976e+01
1.634321322383816266e+01
1.036370631156843380e+01
1.701382398589153055e+01
1.545571988578795875e+01
2.207375390125974235e+01
1.838540502363600382e+01
2.081300343198537917e+01
1.648944730552097226e+01
2.040765636030167229e+01
1.929043206252615406e+01
2.351237170246579922e+01
2.314732773788662712e+01
2.546250614209879970e+01
2.782496661190877418e+01
2.461802076204736522e+01
2.225484733829481243e+01
2.307129824686662189e+01
2.718094037019762155e+01
2.642377337480525412e+01
0.000000000000000000e+00
0.000000000000000000e+00
0.000000000000000000e+00
0.000000000000000000e+00
0.000000000000000000e+00
7.274911038275819197e-02
-6.764550415878300971e-02
1.286218865761217245e-01
4.055293617208056700e-01
3.430592388229473100e-01
8.375256818840409734e-01
1.407797532409520880e+00
9.670861260577241492e-01
1.082611449022659045e+00
3.350439738094115327e+00
3.560472890073381524e+00
2.673578711075726311e+00
1.663605963072485983e+00
3.800909705626188462e+00
3.617765624035544469e+00
4.498531238683084688e+00
6.963903113460094829e+00
6.034929738562270884e+00
5.865653096272917644e+00
8.452888052184444945e+00
7.282570426813197884e+00
9.374942796343404439e+00
5.571806391262019709e+00
1.022994187126679755e+01
9.694258573615277541e+00
8.418740490587508063e+00
1.026723291915018343e+01
9.866065946765328221e+00
1.321796519765406686e+01
9.154000256558408211e+00
1.226882061406848656e+01
9.463102884744909460e+00
1.162511671408996961e+01
1.053848040711458012e+01
1.376400294991032602e+01
1.418557152291518797e+01
1.244658952152236076e+01
1.325598127381989499e+01
1.385300496216607158e+01
1.462575028273483646e+01
1.648021187295197620e+01
1.371384087118793715e+01
1.773243901373534825e+01
1.321904971758251435e+01
0.000000000000000000e+00
0.000000000000000000e+00
0.000000000000000000e+00
0.000000000000000000e+00
0.000000000000000000e+00
1.953597431067494693e-03
-2.323931426979316053e-02
6.212463637564822651e-03
5.963879941327961953e-01
8.609106262574571788e-01
1.062712069181713792e+00
6.644734110939615190e-01
5.581764993579810819e-01
5.385572312806795603e-01
6.688574799499407142e-01
8.611136783520293436e-01
9.255645370523488680e-01
1.154468436865901948e+00
4.595719858236094746e-01
1.171405989009707937e+00
1.359404783342569534e+00
1.324759327781452889e+00
1.028977192340184255e+00
1.464507679567385035e+00
1.413456843376710736e+00
1.857785465799344893e+00
2.183704385758873823e+00
2.419644608150793630e+00
1.075600788310346445e+00
2.386666639450574667e+00
2.529030831992573614e+00
3.040142322684811216e+00
3.146079443195505032e+00
2.440239354726402965e+00
3.213538122089962812e+00
3.774981872418533335e+00
3.155860392867384512e+00
3.511428902860359802e+00
3.791261315314470970e+00
4.015916771890797321e+00
4.069958685651521968e+00
4.886106362142972337e+00
3.473965483823540090e+00
4.168003984584933264e+00
3.954748160108900734e+00
4.706497196777097436e+00
5.199850255073719119e+00
4.854934187850870053e+00
5.387202601687373082e+00
0.000000000000000000e+00
-8.895857760357925997e-03
-2.931898005528367768e-01
-2.365468822333530868e-02
1.761312901294032757e-02
7.121770455811412409e-03
4.986886404967646319e-02
7.842602843319834705e-02
1.457375891058194095e-01
5.608104922046041468e-02
2.731035241150864823e-01
4.597846596987280043e-01
2.912562161409982253e-01
9.065157853150626055e-01
7.158378152503924730e-01
8.169420385756054337e-01
9.364936805544048504e-01
8.505010552136985646e-01
1.334567214408154623e+00
1.491684226312943062e+00
1.946276469414661925e+00
1.829855474240667634e+00
1.341917859840262350e+00
1.523362901141944725e+00
2.098600458644249045e+00
2.305617446797922021e+00
2.773640042668291006e+00
2.697669981809304396e+00
2.533864678129062131e+00
2.866958267935038052e+00
2.663878564495725687e+00
3.419322448135027503e+00
3.012834583143579881e+00
3.202623214177164446e+00
3.290619976677058744e+00
3.524176204104553012e+00
3.637340414808807321e+00
3.028128552159618181e+00
3.111853899997890416e+00
3.785487250784417501e+00
3.688563989352634742e+00
4.205499256616553438e+00
4.354921196909351977e+00
4.541604086470639068e+00
4.879082211472987929e+00
4.467682828900669811e+00
5.271172148940213908e+00
5.485818546411215912e+00
4.900797349904647326e+00
