0.000000000000000000e+00
0.000000000000000000e+00
3.282598734287579118e-02
2.910676503984066868e-02
2.451110819866175183e-01
2.328638322195538679e-01
2.164706863966753492e+00
1.454030232206153350e+00
1.657019985459978084e+00
1.420137253211041006e+00
2.150049269715392786e+00
2.803436127726101290e+00
1.689288940885696366e+00
3.469976259705512156e+00
2.657962849665897132e+00
2.347343506628913890e+00
5.423756557559161529e+00
4.745326196099610705e+00
4.265441454468963833e+00
4.599138159325253383e+00
4.531707607293541606e+00
4.675185082847385765e+00
5.457769803252489282e+00
7.706870890187990319e+00
7.631012886094790559e+00
5.641239604354124637e+00
6.510781274821578535e+00
5.771023702890467177e+00
7.866418546194942074e+00
9.689431761480991057e+00
9.002254976948671938e+00
8.247327504265237863e+00
8.562929497382700816e+00
8.527284333135263239e+00
7.542030406821313981e+00
7.039344882532831527e+00
9.994743193265234638e+00
1.075072433878046141e+01
1.035779229174055160e+01
1.090546917981726871e+01
8.774283060265444689e+00
1.065589465974426098e+01
1.411478272466322537e+01
1.120954497442779818e+01
1.315361644964041865e+01
1.073843592167045635e+01
1.446210358531304863e+01
1.304310141902386988e+01
1.060705060072665873e+01
