7.578541488487210059e-06
7.593791212869062503e-06
7.609087077928547317e-06
7.624429141209120519e-06
3.055927095369875113e-05
3.062101188069073703e-05
3.068294020937604137e-05
3.074505663957699856e-05
3.080736199956264154e-05
3.086985700925284193e-05
3.093254247541315632e-05
3.874427387018742009e-05
3.882310970723503379e-05
4.668262380982334773e-05
5.457410736343326450e-05
6.249770712574375081e-05
6.262539608771495851e-05
6.275347697649137158e-05
6.288195134533415824e-05
5.513446391589327424e-05
4.735505784501736699e-05
4.745230250344852508e-05
3.962487257315243735e-05
3.970641081214833294e-05
3.978820103309478585e-05
3.987024436349557354e-05
4.794305018335997496e-05
4.804211336540302127e-05
4.011790331726474112e-05
4.824116335248971200e-05
7.251172916991658289e-05
8.880933155024694288e-05
8.899378939837489406e-05
8.917882276413293915e-05
9.748847347940428306e-05
1.383964215172309717e-04
1.305271166988602842e-04
1.226246521650725392e-04
1.310729959262354777e-04
1.231380197292872812e-04
1.316223080305651335e-04
1.154109779190202789e-04
1.239141393623310623e-04
1.324527762381099208e-04
1.327313468844650273e-04
1.330107866193121159e-04
1.416218044454537503e-04
1.586171311079192831e-04
1.589521273299575506e-04
0.000000000000000000e+00
0.000000000000000000e+00
0.000000000000000000e+00
0.000000000000000000e+00
1.176370031555372255e-14
0.000000000000000000e+00
0.000000000000000000e+00
1.188205981152673978e-14
1.192204551472768812e-14
1.196230200714914896e-14
0.000000000000000000e+00
0.000000000000000000e+00
0.000000000000000000e+00
0.000000000000000000e+00
3.650323356390549955e-14
0.000000000000000000e+00
0.000000000000000000e+00
-2.458888525463064778e-14
0.000000000000000000e+00
0.000000000000000000e+00
0.000000000000000000e+00
0.000000000000000000e+00
0.000000000000000000e+00
2.511189551728965940e-14
0.000000000000000000e+00
0.000000000000000000e+00
0.000000000000000000e+00
0.000000000000000000e+00
-1.278254767489493619e-14
0.000000000000000000e+00
2.036944469095734809e-04
2.051758480276458132e-04
2.066734869022603365e-04
2.081876019987181047e-04
2.097184362079733205e-04
2.112662368635600358e-04
4.256625117810834322e-04
6.432412497677476252e-04
4.320270276310830522e-04
0.000000000000000000e+00
0.000000000000000000e+00
2.209232914398094724e-04
2.225966792994989564e-04
2.242891715472178306e-04
2.260015711695002394e-04
2.277331623021143037e-04
2.294847516796719167e-04
2.312566486271757564e-04
2.330491686964466613e-04
