0.000000000000000000e+00
0.000000000000000000e+00
0.000000000000000000e+00
0.000000000000000000e+00
7.639817738424687784e-06
7.655252970172684259e-06
2.301220517443837852e-05
2.305879247968274892e-05
2.310552151013713082e-05
2.315239275693962976e-05
2.319940683908224870e-05
3.099541908215351215e-05
3.105848778260095883e-05
4.668262380982334773e-05
5.457410736343326450e-05
5.468549373853927970e-05
5.479722158906052699e-05
6.275347699057437175e-05
7.074219524587900217e-05
6.301081590387802383e-05
5.524756747172690469e-05
5.536101957321530267e-05
5.547482163072534083e-05
4.764769298591451502e-05
4.774584125106203430e-05
4.784429323903470976e-05
3.995254182183579695e-05
4.003509445931111276e-05
3.209432264811398387e-05
2.412058170476365573e-05
1.611371757269635784e-05
1.614715120004713841e-05
1.618068898802461669e-05
1.621433142207449123e-05
1.624807888934368732e-05
1.628193190775249955e-05
1.631588959453971762e-05
8.174976802377148194e-06
1.638412449077943472e-05
1.641840263441425102e-05
1.645278849119873946e-05
1.648728257636321450e-05
3.304377049662161886e-05
5.794808961321739477e-05
7.466138262884929521e-05
5.819221915954428696e-05
4.998416628255150423e-05
5.008962035369357964e-05
5.019540864352947250e-05
0.000000000000000000e+00
0.000000000000000000e+00
0.000000000000000000e+00
0.000000000000000000e+00
0.000000000000000000e+00
0.000000000000000000e+00
0.000000000000000000e+00
0.000000000000000000e+00
0.000000000000000000e+00
1.196230200714914896e-14
0.000000000000000000e+00
0.000000000000000000e+00
0.000000000000000000e+00
0.000000000000000000e+00
3.650323356390549955e-14
0.000000000000000000e+00
2.450383381924989794e-14
-2.458888525463064778e-14
0.000000000000000000e+00
0.000000000000000000e+00
0.000000000000000000e+00
0.000000000000000000e+00
0.000000000000000000e+00
2.511189551728965940e-14
0.000000000000000000e+00
0.000000000000000000e+00
1.979266001098897211e-04
1.993453498640886785e-04
2.007794257149822243e-04
2.022290494790248859e-04
4.073888938320224589e-04
4.103516960294466319e-04
4.133469737915507962e-04
4.163752040234712103e-04
4.194368724290121987e-04
4.225324737271200716e-04
4.256625117942461887e-04
4.288274998495690766e-04
2.160135138155415261e-04
0.000000000000000000e+00
0.000000000000000000e+00
2.209232914398094724e-04
0.000000000000000000e+00
0.000000000000000000e+00
2.260015711559341055e-04
2.277331623157325606e-04
2.294847516796719167e-04
2.312566486271757564e-04
-1.377720397284518856e-14
