-1.141718688780524876e-01
-1.720498588630681724e-01
-1.944507615465943529e-01
-2.383033525804905406e-01
-2.621436751145699295e-01
-2.978269617700520788e-01
-3.358997834748835842e-01
-3.228768876210810213e-01
-3.905270810510655388e-01
-3.665575201557284002e-01
-4.024853678368375265e-01
-4.122714821357361115e-01
-4.351123772546766078e-01
-4.962592272960006379e-01
-4.430096226850176455e-01
-4.675645591953069280e-01
-4.997658163754342686e-01
-4.743188446110523371e-01
-5.275173168950756386e-01
-5.756969234389472945e-01
-5.959617658993437983e-01
-5.690525924928544477e-01
-5.725056690349451527e-01
-5.639246245388465084e-01
-5.885122553596564554e-01
-5.924012507755072043e-01
-5.977720657992642295e-01
-6.300730041337858633e-01
-6.210384184170860689e-01
-6.250630700881238955e-01
-7.053379490488738135e-01
-7.047165984969364638e-01
-6.346960035622276619e-01
-6.331590305207153158e-01
-6.734888906443169398e-01
-6.687017502075964792e-01
-6.877547291688405062e-01
-6.747163722854120360e-01
-6.538364735099779779e-01
-7.661553448026782176e-01
-7.057198784478105891e-01
-7.063104770967179036e-01
-6.992185515050031164e-01
-7.216657221513527176e-01
-7.412341067417055340e-01
-7.285237023089599084e-01
-7.805229220552015734e-01
-8.213304302521106104e-01
-7.745530150538528780e-01
