0.000000000000000000e+00
3.421764445266926857e-02
1.467669623075492855e-02
9.253113300147882553e-03
3.015219459953098410e-02
1.136264558214631348e-01
1.140743762246839987e-01
1.609116849755903300e-01
2.032349132751754550e-01
1.940237146876067909e-01
2.265843517715482869e-01
2.476902900388218975e-01
2.598408273998981666e-01
2.590536763410441479e-01
2.369247639591846033e-01
2.283618947360939178e-01
2.314823818445422565e-01
1.301797245503135136e-01
1.459847985185223906e-01
1.614365632740714374e-01
1.619359090982148697e-01
1.769872491126124603e-01
1.908690127839841877e-01
2.041449375560925039e-01
1.845434777880492205e-01
1.950803263763170037e-01
2.050593678395714603e-01
2.148241979995785811e-01
2.198961833911933506e-01
1.982769247214621611e-01
1.991921129926953471e-01
1.999719110867546890e-01
2.007574817257814226e-01
2.015488890960608903e-01
2.024076244994152951e-01
2.032728890995861848e-01
2.040827285273436320e-01
2.048986752028194580e-01
2.057207983171560894e-01
2.065569477048089519e-01
2.073995662431595555e-01
2.081783194983092000e-01
2.088060605328888597e-01
2.096224685948686051e-01
2.104032160384167738e-01
2.112540336685329867e-01
2.119745816705318198e-01
2.125631000596110709e-01
2.134320452581719429e-01
