0.000000000000000000e+00
9.032426768282571239e-02
2.110007332583822004e-01
2.892565241865700520e-01
4.263875832943405664e-01
5.283774661451358101e-01
5.660429223349505712e-01
6.299428132593436480e-01
7.365663704383311750e-01
8.990422028120486075e-01
9.661716002823462768e-01
1.135010074006049141e+00
1.271577924787062219e+00
1.288632209581128452e+00
1.478493261390625868e+00
1.555333554561525666e+00
1.680015082762795986e+00
1.849510789117455367e+00
1.884376937994665102e+00
1.926595533866864551e+00
1.950697803099936456e+00
2.106147537793336522e+00
2.042213208187296569e+00
2.091414373317424413e+00
2.123416044972513461e+00
2.300804185223324083e+00
2.170589412926323902e+00
2.388178672908721989e+00
2.381939051989060641e+00
2.456021201976475776e+00
2.427621811035719723e+00
2.630702310443060465e+00
2.636486857790247385e+00
2.657560027964374516e+00
2.564729656675510672e+00
2.886970113210787670e+00
2.838558384228457410e+00
2.826566968407437930e+00
2.789170435099066481e+00
2.982251568583190959e+00
3.042051508722814823e+00
3.011305307062457359e+00
3.140126243139520934e+00
3.117574611261356043e+00
3.067756541214543109e+00
3.069322990239526039e+00
2.986333916988268555e+00
3.180542349164768190e+00
3.219282551137691240e+00
-2.924647410212539989e-02
1.075430115659691543e-01
1.592535630932084556e-01
2.976623071667091613e-01
2.968206396524969426e-01
3.964386700666036600e-01
4.874213277891238372e-01
6.256953763389575540e-01
4.672906120280649334e-01
6.177556984112777538e-01
5.094054163128008961e-01
6.024773838496246814e-01
5.973464300341282396e-01
4.562471969189631493e-01
6.039316014447378977e-01
6.361366017673953932e-01
6.473850322112221223e-01
6.731317681017439103e-01
6.379436787697785327e-01
7.245279661327206355e-01
7.185123298659266133e-01
7.173827823165529471e-01
2.881275608247070297e-01
5.427273040698763484e-01
7.400769184407499646e-01
8.088417752736810629e-01
7.331526150960757660e-01
7.957010857999056164e-01
8.048204847898930980e-01
5.297714029431013216e-01
6.702269886887506356e-01
7.992095338346892897e-01
6.580331598602713328e-01
7.519241058613745921e-01
7.963452245223995307e-01
4.521046965587633415e-01
6.600747608150312473e-01
7.151097881755589247e-01
6.933498575873661141e-01
6.044795633970172499e-01
6.093983912353974075e-01
6.595033152313436453e-01
7.727805237820515316e-01
6.526594593867015570e-01
7.596278871992793169e-01
4.040738070840091956e-01
6.299966478146606930e-01
6.204394978666397664e-01
7.767333496744214250e-01
