0.000000000000000000e+00
1.185511351324382706e-01
2.368201041981861932e-01
2.015441808119618761e-01
3.192134220983706694e-01
3.857191853014349525e-01
4.653668335768345043e-01
5.176985033192826879e-01
5.323643663142964000e-01
6.537987591609040194e-01
6.552577385241213914e-01
7.634515033334021705e-01
7.384232914600306064e-01
8.832662536108291107e-01
1.077039262116727736e+00
1.033032654761050884e+00
1.142788662621331275e+00
1.235040373585837958e+00
1.247082701831127016e+00
1.340469899689024080e+00
1.453063426713586459e+00
1.392405329115846913e+00
1.325954983249360453e+00
1.504592380107052652e+00
1.470588869815561139e+00
1.629737309418823443e+00
1.528552294797507427e+00
1.521504698411246581e+00
1.661407415993126913e+00
1.738831494621094542e+00
1.713584511140706867e+00
1.752818372970749827e+00
1.742761914085223740e+00
1.757766794838499624e+00
1.566087844405035456e+00
1.903101942059607588e+00
1.683197324742985446e+00
1.808536706636481473e+00
1.914332285409191980e+00
2.049906451912021144e+00
1.895473820345254579e+00
1.695323052683817000e+00
2.108274998993063587e+00
1.901131194976625860e+00
1.980876782245167833e+00
2.096009106048899451e+00
2.165298836038684893e+00
2.085029167993093235e+00
2.158010031433583276e+00
