0.000000000000000000e+00
0.000000000000000000e+00
0.000000000000000000e+00
0.000000000000000000e+00
7.639817738424687784e-06
7.655252970172684259e-06
2.301220517443837852e-05
2.305879247968274892e-05
2.310552151013713082e-05
2.315239275693962976e-05
2.319940683908224870e-05
3.099541908215351215e-05
3.105848778260095883e-05
4.668262380982334773e-05
5.457410736343326450e-05
5.468549373853927970e-05
5.479722158906052699e-05
6.275347699057437175e-05
7.074219524587900217e-05
6.301081590387802383e-05
5.524756747172690469e-05
5.536101957321530267e-05
5.547482163072534083e-05
4.764769298591451502e-05
4.774584125106203430e-05
4.784429323903470976e-05
1.979266001098897211e-04
1.993453498640886785e-04
2.007794257149822243e-04
2.022290494790248859e-04
4.073888938320224589e-04
4.103516960294466319e-04
4.133469737915507962e-04
4.163752040234712103e-04
4.194368724290121987e-04
4.225324737271200716e-04
4.256625117942461887e-04
4.288274998495690766e-04
2.160135138155415261e-04
1.641840263441425102e-05
1.645278849119873946e-05
2.209232914398094724e-04
3.304377049662161886e-05
5.794808961321739477e-05
2.260015711559341055e-04
2.277331623157325606e-04
2.294847516796719167e-04
2.312566486271757564e-04
5.019540864352947250e-05
