-1.097000239132358973e-01
-1.371953661824666104e-01
-2.139021946998045653e-01
-2.388079876966062165e-01
-2.687960821368329811e-01
-2.717121913689502510e-01
-3.522048135782879785e-01
-3.423045633623267303e-01
-3.681420814172852163e-01
-3.751400240911681450e-01
-3.805483401664854215e-01
-4.250177703791299666e-01
-4.351848091292432330e-01
-5.016301003689629390e-01
-5.069948850646868177e-01
-4.696575756381746736e-01
-4.908390429786864129e-01
-5.329437505056840996e-01
-5.458835785373878924e-01
-5.619313434679698016e-01
-5.415263091626825176e-01
-5.547126592768725217e-01
-5.756732408804158263e-01
-6.110060152760435903e-01
-6.339530579827046264e-01
-6.000704768857930693e-01
-6.472887758073977427e-01
-6.626081414007789494e-01
-6.512560377530537403e-01
-6.765474190287980027e-01
-6.628764637137745108e-01
-6.498573330800522241e-01
-6.666759940030182463e-01
-6.992241877589997490e-01
-7.124221733875732987e-01
-7.035485088240420737e-01
-6.901424636490883779e-01
-7.335656549984980179e-01
-7.549112313745329761e-01
-7.053068711088519294e-01
-7.183584598677337230e-01
-7.012306251254691869e-01
-7.592846131106796292e-01
-7.671328698259035628e-01
-7.731584406607290294e-01
-7.835873653131428807e-01
-8.083116500790755721e-01
-7.915525689494482542e-01
-8.119329782756670166e-01
-5.388263959190229269e-01
-8.733208902728193390e-01
-1.007265844053486514e+00
-1.212093616800380635e+00
-1.395995335995342090e+00
-1.489076119225685835e+00
-1.396037937554003516e+00
-1.733412156310276675e+00
-1.772545410040063718e+00
-1.950309543450299055e+00
-2.008769560217720684e+00
-2.032467557370244204e+00
-2.162685412681156549e+00
-2.176557075157378396e+00
-2.170164630413021101e+00
-2.265549919812263724e+00
-2.503281052959388298e+00
-2.401346355350621131e+00
-2.468048178911529611e+00
-2.445436001236777290e+00
-2.523714041564567800e+00
-2.540512570363909983e+00
-2.596022803744566065e+00
-2.626091971512043433e+00
-2.582466075774835446e+00
-2.693860956528652650e+00
-2.814697700275991199e+00
-2.738015667754408078e+00
-2.800756439218383687e+00
-2.846280147174506059e+00
-2.927263128143662296e+00
-2.884540856273488441e+00
-3.085501284701464009e+00
-2.863657389291784927e+00
-3.019803073477163924e+00
-2.978664182935061522e+00
-3.042131484184726009e+00
-3.038932640121153383e+00
-3.106885899249365757e+00
-3.182135579966292926e+00
-3.202722367749535781e+00
-3.072763780856537341e+00
-3.277153023097864715e+00
-3.179671938096810369e+00
-3.300622610983339200e+00
-3.296187056632774670e+00
-3.374890593447644527e+00
-3.343471991706779889e+00
-3.479934241259278416e+00
