-1.097000239132358973e-01
-1.371953661824666104e-01
-2.139021946998045653e-01
-2.388079876966062165e-01
-2.687960821368329811e-01
-2.717121913689502510e-01
-3.522048135782879785e-01
-3.423045633623267303e-01
-3.681420814172852163e-01
-3.751400240911681450e-01
-3.805483401664854215e-01
-4.250177703791299666e-01
-4.351848091292432330e-01
-5.016301003689629390e-01
-5.069948850646868177e-01
-4.696575756381746736e-01
-4.908390429786864129e-01
-5.329437505056840996e-01
-5.458835785373878924e-01
-5.619313434679698016e-01
-5.415263091626825176e-01
-5.547126592768725217e-01
-5.756732408804158263e-01
-6.110060152760435903e-01
-6.339530579827046264e-01
-6.000704768857930693e-01
-6.472887758073977427e-01
-6.626081414007789494e-01
-6.512560377530537403e-01
-6.765474190287980027e-01
-6.628764637137745108e-01
-6.498573330800522241e-01
-6.666759940030182463e-01
-6.992241877589997490e-01
-7.124221733875732987e-01
-7.035485088240420737e-01
-6.901424636490883779e-01
-7.335656549984980179e-01
-7.549112313745329761e-01
-7.053068711088519294e-01
-7.183584598677337230e-01
-7.012306251254691869e-01
-7.592846131106796292e-01
-7.671328698259035628e-01
-7.731584406607290294e-01
-7.835873653131428807e-01
-8.083116500790755721e-01
-7.915525689494482542e-01
-8.119329782756670166e-01
