0.000000000000000000e+00
0.000000000000000000e+00
0.000000000000000000e+00
1.174601057598262110e-01
1.690111113287347255e-01
2.262432067493500287e-01
4.250554159298523538e-01
4.575924951322508094e-01
5.323643663142964000e-01
4.958246539402949571e-01
5.564007579445238161e-01
7.634515033334021705e-01
7.384232914600306064e-01
8.832662536108291107e-01
1.077039262116727736e+00
1.033032654761050884e+00
1.142788662621331275e+00
1.235040373585837958e+00
1.247082701831127016e+00
1.340469899689024080e+00
1.453063426713586459e+00
1.392405329115846913e+00
1.325954983249360453e+00
1.504592380107052652e+00
1.470588869815561139e+00
1.629737309418823443e+00
1.528552294797507427e+00
1.521504698411246581e+00
1.661407415993126913e+00
1.738831494621094542e+00
1.713584511140706867e+00
1.752818372970749827e+00
1.742761914085223740e+00
1.757766794838499624e+00
1.566087844405035456e+00
1.903101942059607588e+00
1.683197324742985446e+00
1.808536706636481473e+00
1.914332285409191980e+00
2.049906451912021144e+00
1.895473820345254579e+00
1.695323052683817000e+00
2.108274998993063587e+00
1.901131194976625860e+00
1.980876782245167833e+00
2.096009106048899451e+00
2.165298836038684893e+00
2.085029167993093235e+00
2.158010031433583276e+00
0.000000000000000000e+00
1.185511351324382706e-01
2.368201041981861932e-01
2.015441808119618761e-01
3.192134220983706694e-01
3.857191853014349525e-01
4.653668335768345043e-01
5.176985033192826879e-01
5.151032248327271912e-01
6.537987591609040194e-01
6.552577385241213914e-01
5.319244989425048198e-01
6.198675155042545626e-01
7.942879736825753101e-01
7.557138500661331193e-01
8.123184797636769927e-01
8.450254909501100364e-01
8.636833862548067842e-01
9.053251501923897937e-01
6.855377717714623564e-01
8.099849548129950394e-01
8.669134096881818685e-01
9.132487588101687592e-01
6.133909583432236579e-01
9.592365416682827606e-01
8.640538168783282735e-01
8.652068974267987933e-01
8.470650390502223459e-01
9.453271354653960401e-01
9.561400641519595123e-01
8.973082270885107681e-01
9.371105760932992856e-01
7.063530698888298431e-01
9.182596935095566071e-01
7.948143353708563286e-01
8.875417483096124105e-01
9.260146941214165706e-01
8.722547054570775060e-01
8.262982232589264342e-01
8.571293869467505600e-01
9.918921433136739241e-01
9.424515501186895294e-01
9.628610124127854331e-01
8.689760598145209736e-01
8.473631570948970682e-01
1.009593188182374757e+00
8.568789615046473740e-01
8.004097367902837101e-01
9.895949325570203570e-01
