0.000000000000000000e+00
0.000000000000000000e+00
0.000000000000000000e+00
0.000000000000000000e+00
0.000000000000000000e+00
0.000000000000000000e+00
0.000000000000000000e+00
0.000000000000000000e+00
0.000000000000000000e+00
0.000000000000000000e+00
0.000000000000000000e+00
0.000000000000000000e+00
0.000000000000000000e+00
0.000000000000000000e+00
0.000000000000000000e+00
0.000000000000000000e+00
0.000000000000000000e+00
0.000000000000000000e+00
0.000000000000000000e+00
0.000000000000000000e+00
0.000000000000000000e+00
1.385615515302097913e-14
1.387814372773536459e-14
0.000000000000000000e+00
0.000000000000000000e+00
0.000000000000000000e+00
0.000000000000000000e+00
0.000000000000000000e+00
0.000000000000000000e+00
1.403403976635215059e-14
0.000000000000000000e+00
0.000000000000000000e+00
0.000000000000000000e+00
1.412470589179996982e-14
1.414755576392882535e-14
2.077795479842073009e-02
4.160041434617741535e-02
2.915172544279189329e-02
3.753983877801221614e-02
3.759318163311392569e-02
3.764667631554610011e-02
2.932033012898231997e-02
2.936217122600091531e-02
2.100018648408042907e-02
2.103023958928456130e-02
3.160414618766695799e-02
3.164950713985340003e-02
4.226907993849775974e-02
4.395447454915463875e-02
7.303687534360371603e-02
3.421764445266926857e-02
3.437073386400086444e-02
9.253113300147882553e-03
0.000000000000000000e+00
0.000000000000000000e+00
1.342699996440033065e-02
0.000000000000000000e+00
4.165670146882686359e-02
6.126184506899958609e-02
8.448366517573617507e-02
1.050246006315081332e-01
1.009087873027660898e-01
8.490238822633340565e-02
1.096203236098210049e-01
1.147776075387497291e-01
1.057577873220891113e-01
1.229666881366576481e-01
1.387469198575613794e-01
1.541160535752919003e-01
1.693852977538101712e-01
1.674077198497336549e-01
1.501853869981994716e-01
1.459657597381910366e-01
1.240546377100786996e-01
1.343120735004585120e-01
1.439505453837001125e-01
1.534320989490322307e-01
1.286611577595719869e-01
1.293209496637249267e-01
1.299255702714070537e-01
1.303925861856666257e-01
1.309240422848424457e-01
1.314082303232018412e-01
1.320088798834480881e-01
1.326141329854127471e-01
1.150361369386503768e-01
1.154586616581589759e-01
1.159468453559640427e-01
1.164387468557690070e-01
1.169344085956616069e-01
1.174971942534179248e-01
1.179786491563817180e-01
1.184531749039716281e-01
1.187496918496150633e-01
1.189721268145969707e-01
1.194133813328034643e-01
1.198580318611110196e-01
1.203061181974066363e-01
