0.000000000000000000e+00
1.075430115659691543e-01
2.110007332583822004e-01
2.976623071667091613e-01
4.263875832943405664e-01
5.283774661451358101e-01
5.660429223349505712e-01
6.299428132593436480e-01
7.365663704383311750e-01
8.990422028120486075e-01
9.661716002823462768e-01
1.135010074006049141e+00
1.271577924787062219e+00
1.288632209581128452e+00
1.478493261390625868e+00
1.555333554561525666e+00
1.680015082762795986e+00
1.849510789117455367e+00
1.884376937994665102e+00
1.926595533866864551e+00
1.950697803099936456e+00
2.106147537793336522e+00
2.042213208187296569e+00
2.091414373317424413e+00
2.123416044972513461e+00
2.300804185223324083e+00
2.170589412926323902e+00
2.388178672908721989e+00
2.381939051989060641e+00
2.456021201976475776e+00
2.427621811035719723e+00
2.630702310443060465e+00
2.636486857790247385e+00
2.657560027964374516e+00
2.564729656675510672e+00
2.886970113210787670e+00
2.838558384228457410e+00
2.826566968407437930e+00
2.789170435099066481e+00
2.982251568583190959e+00
3.042051508722814823e+00
3.011305307062457359e+00
3.140126243139520934e+00
3.117574611261356043e+00
3.067756541214543109e+00
3.069322990239526039e+00
2.986333916988268555e+00
3.180542349164768190e+00
3.219282551137691240e+00
